   48.5351992      2.7024E-02
   45.7681170      4.6363E-02
   43.0010347      7.3785E-02
   40.2339525     -6.4356E-03
   37.4668703     -2.9892E-02
   34.6997881     -5.7477E-02
   31.9327059      2.2208E-02
   29.1656237      0.2040    
   26.3985415      5.6783E-02
   23.6314592      0.2019    
   20.8643770     -4.8692E-02
   18.0972948      0.1317    
   15.3302126      8.1757E-03
   12.5631304     -2.5903E-02
   9.79604816      0.1150    
   7.02896595      0.3516    
   4.26188374      4.1321E-02
   1.49480152      5.5923E-02
  -1.27228069     -5.3539E-02
  -4.03936291      1.2865E-02
  -6.80644512     -0.1438    
  -9.57352734     -0.1411    
  -12.3406096     -7.7062E-02
  -15.1076918     -8.2595E-02
  -17.8747740     -8.9058E-02
  -20.6418562     -9.3026E-02
  -23.4089384     -9.1768E-02
  -26.1760206     -9.3862E-02
  -28.9431028     -4.1661E-02
  -31.7101851      0.1293    
