   48.4166870     -6.8226E-02
   45.8894119      0.1004    
   43.3621368     -0.1064    
   40.8348618      8.4182E-02
   38.3075867      0.1456    
   35.7803116      6.0371E-02
   33.2530365      0.1611    
   30.7257614      0.1691    
   28.1984863     -7.1766E-02
   25.6712112      0.1685    
   23.1439362      3.5922E-02
   20.6166611      7.0299E-02
   18.0893860      4.1451E-02
   15.5621109      0.2635    
   13.0348358     -2.4598E-03
   10.5075607      0.1283    
   7.98028564      4.8441E-02
   5.45301056      3.3004E-03
   2.92573547     -0.1643    
  0.398460388     -0.1160    
  -2.12881470     -5.3557E-02
  -4.65608978      4.7093E-02
  -7.18336487     -0.1480    
  -9.71063995      3.0157E-02
  -12.2379150     -7.8520E-02
  -14.7651901      0.1481    
  -17.2924652      5.7884E-02
  -19.8197403     -5.4784E-02
  -22.3470154     -4.6991E-02
  -24.8742905      0.1399    
  -27.4015656      9.8467E-02
  -29.9288406     -0.1791    
  -32.4561157      1.6228E-02
