   17.1756639     -0.3038    
   17.0900602     -0.1491    
   17.0044565      0.5887    
   16.9188528     -0.3641    
   16.8332491     -0.7121    
   16.7476454      9.9973E-02
   16.6620417      0.3722    
   16.5764380      4.2247E-02
   16.4908342      0.3400    
   16.4052305      0.3588    
   16.3196268     -0.3030    
   16.2340231     -4.9197E-02
   16.1484194      0.3697    
   16.0628157      0.4699    
   15.9772120     -0.5744    
   15.8916082      0.2383    
   15.8060045      0.4880    
   15.7204008     -0.1900    
   15.6347971     -0.4896    
   15.5491934     -0.3804    
   15.4635897     -0.1840    
   15.3779860      0.3371    
   15.2923822      0.4682    
   15.2067785      0.2349    
   15.1211748      0.3207    
   15.0355711      0.3458    
   14.9499674     -0.9085    
   14.8643637     -3.1864E-02
   14.7787600      0.3486    
   14.6931562     -0.2972    
   14.6075525     -0.1644    
   14.5219488     -0.1150    
   14.4363451      0.2270    
   14.3507414     -0.1992    
   14.2651377      0.7094    
   14.1795340     -7.5333E-02
   14.0939302     -0.1500    
   14.0083265     -4.2523E-02
   13.9227228      0.1132    
   13.8371191     -0.2155    
   13.7515154      0.5431    
   13.6659117      0.1928    
   13.5803080      0.6420    
   13.4947042      0.6612    
   13.4091005     -0.4690    
   13.3234968      0.4173    
   13.2378931      0.2697    
   13.1522894     -0.3369    
   13.0666857      0.3457    
   12.9810820      0.3308    
   12.8954782      2.8519E-02
   12.8098745     -0.3920    
   12.7242708      6.7418E-02
   12.6386671      1.0042E-03
   12.5530634      0.1999    
   12.4674597     -0.5808    
   12.3818560      3.9137E-02
   12.2962523      0.2759    
   12.2106485      0.6057    
   12.1250448      0.6578    
   12.0394411     -0.1252    
   11.9538374      0.4352    
   11.8682337     -2.4159E-02
   11.7826300      0.3600    
   11.6970263     -6.8328E-02
   11.6114225     -0.9206    
   11.5258188      7.4497E-02
   11.4402151     -0.2098    
   11.3546114      0.2264    
   11.2690077      5.7332E-02
   11.1834040      4.2114E-02
   11.0978003     -0.3420    
   11.0121965     -0.2344    
   10.9265928     -0.2251    
   10.8409891     -0.1566    
   10.7553854     -0.2342    
   10.6697817      0.4736    
   10.5841780      0.1825    
   10.4985743      0.8243    
   10.4129705     -0.4398    
   10.3273668     -0.1515    
   10.2417631     -0.3332    
   10.1561594      0.6431    
   10.0705557      5.4624E-03
   9.98495197      0.1140    
   9.89934826     -0.2131    
   9.81374454      0.4370    
   9.72814083     -0.1969    
   9.64253712     -0.3742    
   9.55693340      0.1813    
   9.47132969     -0.1025    
   9.38572598     -0.1578    
   9.30012226      0.4054    
   9.21451855      0.4328    
   9.12891483      0.2151    
   9.04331112     -2.4660E-02
   8.95770741     -8.7796E-02
   8.87210369     -0.3476    
   8.78649998      0.1564    
   8.70089626      0.5588    
   8.61529255     -0.1861    
   8.52968884     -0.7289    
   8.44408512     -0.4408    
   8.35848141      0.1956    
   8.27287769     -0.2484    
   8.18727398      0.4142    
   8.10167027      0.1759    
   8.01606655      0.4361    
   7.93046284      0.5542    
   7.84485912     -0.3121    
   7.75925541     -3.2273E-02
   7.67365170      0.2604    
   7.58804798      8.5301E-02
   7.50244427      0.1481    
   7.41684055      0.8392    
   7.33123684      0.9604    
   7.24563313      0.7346    
   7.16002941      0.4712    
   7.07442570      0.7736    
   6.98882198      0.2079    
   6.90321827     -3.1866E-02
   6.81761456     -0.7812    
   6.73201084     -2.8151E-02
   6.64640713     -0.5251    
   6.56080341      0.2160    
   6.47519970     -0.1194    
   6.38959599     -0.4433    
   6.30399227      0.1594    
   6.21838856      3.1820E-02
   6.13278484     -2.3316E-02
   6.04718113      8.0014E-03
   5.96157742      0.5245    
   5.87597370      4.5625E-02
   5.79036999      8.1581E-02
   5.70476627     -2.9495E-02
   5.61916256      0.3876    
   5.53355885      0.2662    
   5.44795513      0.3750    
   5.36235142      0.2608    
   5.27674770     -0.1921    
   5.19114399      0.6740    
   5.10554028      9.8003E-02
   5.01993656     -8.0527E-02
   4.93433285     -0.7290    
   4.84872913     -9.5431E-02
   4.76312542      0.7621    
   4.67752171      0.3600    
   4.59191799     -0.4989    
   4.50631428      0.2112    
   4.42071056     -0.1256    
   4.33510685     -0.4810    
   4.24950314     -0.2756    
   4.16389942      6.8050E-02
   4.07829571      0.1524    
   3.99269199      0.1001    
   3.90708828      0.1043    
   3.82148457      0.2806    
   3.73588085      0.5608    
   3.65027714     -3.1163E-02
   3.56467342      0.2551    
   3.47906971     -9.8104E-02
   3.39346600      0.6969    
   3.30786228     -7.6468E-02
   3.22225857      0.2900    
   3.13665485      0.2872    
   3.05105114     -0.2640    
   2.96544743      0.6111    
   2.87984371     -0.1450    
   2.79424000      0.2002    
   2.70863628      0.1573    
   2.62303257      8.4800E-02
   2.53742886      0.2652    
   2.45182514      0.1469    
   2.36622143      0.4547    
   2.28061771      6.8717E-02
   2.19501400      0.3214    
   2.10941029      0.4090    
   2.02380657      0.1183    
   1.93820286     -0.3697    
   1.85259914     -6.3273E-02
   1.76699543     -0.2040    
   1.68139172     -0.5602    
   1.59578800      0.4483    
   1.51018429     -0.3043    
   1.42458057      0.4809    
   1.33897686      0.6212    
   1.25337315     -0.4104    
   1.16776943     -0.1333    
   1.08216572      0.1112    
  0.996562004     -0.3282    
  0.910958290     -0.8773    
  0.825354576     -0.4564    
  0.739750862      0.1036    
  0.654147148      0.3949    
  0.568543434     -0.1753    
  0.482939720     -0.3984    
  0.397336006     -0.6770    
  0.311732292      0.1187    
  0.226128578      7.0977E-03
  0.140524864     -0.1483    
  5.492115021E-02  0.2288    
 -3.068256378E-02 -0.6886    
 -0.116286278     -9.1296E-02
 -0.201889992     -0.3115    
 -0.287493706      0.4199    
 -0.373097420      0.1413    
 -0.458701134      0.7300    
 -0.544304848     -0.1224    
 -0.629908562     -0.2255    
 -0.715512276     -3.3119E-02
 -0.801115990     -0.3885    
 -0.886719704     -0.5090    
 -0.972323418      4.6043E-02
  -1.05792713      1.6179E-02
  -1.14353085      0.4828    
  -1.22913456      -1.021    
  -1.31473827     -0.5680    
  -1.40034199      0.1741    
  -1.48594570     -5.8740E-02
  -1.57154942      5.6329E-02
  -1.65715313     -5.2224E-02
  -1.74275684      0.4623    
  -1.82836056      0.1625    
  -1.91396427     -0.4992    
  -1.99956799      0.5454    
  -2.08517170      0.7702    
  -2.17077541      3.4142E-02
  -2.25637913      0.1646    
  -2.34198284     -0.1757    
  -2.42758656      0.5618    
  -2.51319027      0.2771    
  -2.59879398     -1.3173E-02
  -2.68439770      8.6828E-02
  -2.77000141     -0.8172    
