   17.2153606     -0.5160    
   17.1342602     -0.7756    
   17.0531597     -0.3465    
   16.9720592      0.3989    
   16.8909588      0.5512    
   16.8098583     -5.6723E-03
   16.7287579     -0.6307    
   16.6476574     -0.6937    
   16.5665569      -1.100    
   16.4854565     -0.5621    
   16.4043560      0.3780    
   16.3232555      0.3509    
   16.2421551      8.7050E-02
   16.1610546     -0.2307    
   16.0799541      0.7560    
   15.9988537      0.1714    
   15.9177532      0.9522    
   15.8366528      0.2768    
   15.7555523     -0.3080    
   15.6744518      0.2078    
   15.5933514      0.1077    
   15.5122509     -0.9871    
   15.4311504      0.1440    
   15.3500500      0.1450    
   15.2689495     -0.7498    
   15.1878490     -0.3568    
   15.1067486     -0.2604    
   15.0256481     -9.0852E-02
   14.9445477      0.3291    
   14.8634472      0.4596    
   14.7823467     -0.1508    
   14.7012463       1.159    
   14.6201458     -0.3279    
   14.5390453      8.2882E-03
   14.4579449     -0.1745    
   14.3768444     -0.1369    
   14.2957439      0.7853    
   14.2146435      0.7581    
   14.1335430      0.4163    
   14.0524426     -0.9243    
   13.9713421     -0.4426    
   13.8902416     -0.3210    
   13.8091412     -0.5631    
   13.7280407      0.5532    
   13.6469402      6.6649E-02
   13.5658398      0.2905    
   13.4847393      0.1656    
   13.4036388      0.4819    
   13.3225384      0.5124    
   13.2414379      0.2915    
   13.1603374     -0.6946    
   13.0792370     -0.1509    
   12.9981365      0.1963    
   12.9170361     -0.5659    
   12.8359356     -0.2321    
   12.7548351     -0.3598    
   12.6737347     -0.1227    
   12.5926342     -0.4918    
   12.5115337     -0.2327    
   12.4304333      0.1838    
   12.3493328      0.3562    
   12.2682323       1.071    
   12.1871319      2.6550E-02
   12.1060314      0.6769    
   12.0249310     -0.5208    
   11.9438305     -0.8424    
   11.8627300      2.1902E-02
   11.7816296      0.6203    
   11.7005291      0.2122    
   11.6194286     -0.6003    
   11.5383282      0.7625    
   11.4572277      0.5682    
   11.3761272      0.4005    
   11.2950268      4.8549E-02
   11.2139263      2.2593E-02
   11.1328259     -0.5785    
   11.0517254      0.4851    
   10.9706249      0.8254    
   10.8895245     -0.3288    
   10.8084240     -0.1778    
   10.7273235      2.7649E-02
   10.6462231      0.1258    
   10.5651226      7.2623E-02
   10.4840221     -5.3366E-02
   10.4029217     -3.6150E-02
   10.3218212     -0.4763    
   10.2407207     -2.8067E-03
   10.1596203     -0.4557    
   10.0785198     -0.6326    
   9.99741936     -0.3974    
   9.91631889     -0.3307    
   9.83521843     -0.5363    
   9.75411797     -0.5160    
   9.67301750     -0.4983    
   9.59191704     -6.7115E-02
   9.51081657      0.2838    
   9.42971611      0.3395    
   9.34861565     -0.8043    
   9.26751518      -1.202    
   9.18641472     -0.2169    
   9.10531425      0.3927    
   9.02421379     -0.2721    
   8.94311333      -1.421    
   8.86201286      0.1561    
   8.78091240      7.2077E-02
   8.69981194      0.3893    
   8.61871147     -3.8956E-02
   8.53761101      8.1580E-02
   8.45651054     -6.3611E-02
   8.37541008     -3.8228E-02
   8.29430962     -0.3896    
   8.21320915     -0.5648    
   8.13210869      0.2886    
   8.05100822      0.6680    
   7.96990776      0.8554    
   7.88880730      0.9657    
   7.80770683      0.3404    
   7.72660637      0.4149    
   7.64550591     -0.4546    
   7.56440544     -0.1876    
   7.48330498     -0.7517    
   7.40220451      0.1671    
   7.32110405     -4.4793E-02
   7.24000359     -0.1168    
   7.15890312      0.7916    
   7.07780266       1.057    
   6.99670219      0.5697    
   6.91560173      0.9629    
   6.83450127     -0.1561    
   6.75340080     -0.3519    
   6.67230034     -0.6325    
   6.59119987     -0.1416    
   6.51009941       1.095    
   6.42899895      2.0671E-02
   6.34789848      0.6988    
   6.26679802      0.4420    
   6.18569756     -0.4406    
   6.10459709      0.5904    
   6.02349663      0.5922    
   5.94239616      0.3580    
   5.86129570       1.023    
   5.78019524     -0.5588    
   5.69909477      3.0792E-02
   5.61799431      0.8144    
   5.53689384     -0.1108    
   5.45579338     -0.3431    
   5.37469292     -1.1413E-02
   5.29359245     -0.6783    
   5.21249199      0.1755    
   5.13139153      0.7218    
   5.05029106     -9.5128E-02
   4.96919060     -0.5047    
   4.88809013      0.2577    
   4.80698967     -2.2086E-03
   4.72588921     -0.1151    
   4.64478874      0.1280    
   4.56368828     -8.5107E-02
   4.48258781      0.4699    
   4.40148735     -0.4068    
   4.32038689     -0.5029    
   4.23928642     -0.2879    
   4.15818596     -0.1693    
   4.07708549      0.4757    
   3.99598503      0.1445    
   3.91488457     -6.1086E-02
   3.83378410      0.9255    
   3.75268364     -0.1013    
   3.67158318     -0.6272    
   3.59048271      0.5973    
   3.50938225     -4.7242E-02
   3.42828178     -0.1962    
   3.34718132     -0.2995    
   3.26608086     -0.2560    
   3.18498039     -0.7395    
   3.10387993     -0.7255    
   3.02277946      0.1384    
   2.94167900      0.2424    
   2.86057854      0.2957    
   2.77947807     -0.5770    
   2.69837761      0.2164    
   2.61727715      0.2284    
   2.53617668     -0.1781    
   2.45507622     -0.2737    
   2.37397575     -0.3201    
   2.29287529      9.4600E-02
   2.21177483     -0.2956    
   2.13067436     -0.3131    
   2.04957390     -0.1369    
   1.96847343      0.2900    
   1.88737297      0.2991    
   1.80627251      7.0046E-02
   1.72517204     -0.1736    
   1.64407158      0.3155    
   1.56297112      3.5321E-02
   1.48187065      0.5741    
   1.40077019     -0.2635    
   1.31966972      4.8540E-02
   1.23856926     -9.9419E-02
   1.15746880     -0.5380    
   1.07636833     -0.3367    
  0.995267868      0.4291    
  0.914167404      0.4192    
  0.833066940     -0.4116    
  0.751966476     -1.4700E-02
  0.670866013      0.3061    
  0.589765549      5.8674E-02
  0.508665085     -0.3870    
  0.427564621      0.2943    
  0.346464157      0.4356    
  0.265363693      0.5399    
  0.184263229     -0.1112    
  0.103162766     -4.2589E-03
  2.206230164E-02 -0.2293    
 -5.903816223E-02 -0.5575    
 -0.140138626     -0.3102    
 -0.221239090      0.1074    
 -0.302339554     -0.1631    
 -0.383440018      0.1271    
 -0.464540482      -1.189    
 -0.545640945      6.3641E-02
 -0.626741409     -0.1972    
 -0.707841873     -0.5565    
 -0.788942337     -0.1017    
 -0.870042801     -0.3518    
 -0.951143265     -5.9831E-02
  -1.03224373     -0.1053    
  -1.11334419     -0.4066    
  -1.19444466      0.4321    
  -1.27554512      0.1734    
  -1.35664558      0.1649    
  -1.43774605      0.2676    
  -1.51884651      0.2898    
  -1.59994698      0.3781    
  -1.68104744      0.3907    
  -1.76214790     -0.3879    
  -1.84324837      0.3490    
  -1.92434883     -0.6850    
  -2.00544930      0.3873    
  -2.08654976      0.2188    
  -2.16765022      0.8444    
  -2.24875069      0.1978    
  -2.32985115     -0.4216    
  -2.41095161     -0.4459    
  -2.49205208     -9.5024E-03
  -2.57315254     -0.3653    
  -2.65425301      0.4001    
  -2.73535347      0.3605    
  -2.81645393      9.9912E-02
