   50.5547562      0.2205    
   48.0274658     -3.1434E-02
   45.5001755     -0.2300    
   42.9728851      1.3690E-02
   40.4455948      6.8017E-02
   37.9183044      2.5117E-02
   35.3910141      0.1018    
   32.8637238     -0.2008    
   30.3364334      2.0851E-03
   27.8091431      7.7119E-02
   25.2818527      0.1255    
   22.7545624      0.2512    
   20.2272720      0.1437    
   17.6999817     -1.8656E-02
   15.1726913     -5.3545E-02
   12.6454010      5.9866E-02
   10.1181107     -0.2240    
   7.59082031      7.2744E-02
   5.06352997      0.1404    
   2.53623962      3.2834E-03
  8.949279785E-03  3.0512E-02
  -2.51834106     -2.9277E-02
  -5.04563141     -0.1492    
  -7.57292175      4.9334E-02
  -10.1002121     -1.0840E-02
  -12.6275024     -0.1176    
  -15.1547928     -6.6072E-02
  -17.6820831     -4.2420E-02
  -20.2093735      7.8165E-02
  -22.7366638      6.3090E-02
  -25.2639542      0.1456    
  -27.7912445      3.5905E-02
  -30.3185349     -0.2372    
