   20.2306128      0.7769    
   20.1450071     -0.3459    
   20.0594015     -0.4681    
   19.9737959      0.3095    
   19.8881903      0.1942    
   19.8025846      0.1217    
   19.7169790      0.4172    
   19.6313734     -0.3485    
   19.5457678      8.5007E-02
   19.4601622      0.3824    
   19.3745565      0.4297    
   19.2889509      0.2264    
   19.2033453     -0.2105    
   19.1177397     -0.3863    
   19.0321341      0.8210    
   18.9465284      0.5226    
   18.8609228     -2.6142E-03
   18.7753172     -0.3500    
   18.6897116     -0.2971    
   18.6041059     -0.1749    
   18.5185003     -0.7405    
   18.4328947     -0.3198    
   18.3472891     -0.2377    
   18.2616835      0.1365    
   18.1760778     -0.3224    
   18.0904722      0.3148    
   18.0048666     -0.9905    
   17.9192610     -0.4930    
   17.8336554     -0.2140    
   17.7480497      0.5702    
   17.6624441      0.3641    
   17.5768385     -0.2267    
   17.4912329     -0.1140    
   17.4056273      8.0762E-02
   17.3200216      0.7073    
   17.2344160      0.3868    
   17.1488104     -0.3267    
   17.0632048      5.0284E-02
   16.9775991     -5.6359E-02
   16.8919935      1.2040E-02
   16.8063879      0.4259    
   16.7207823     -7.4287E-02
   16.6351767     -4.1661E-02
   16.5495710      5.1559E-02
   16.4639654     -0.9223    
   16.3783598      -1.301    
   16.2927542     -0.7101    
   16.2071486      0.2103    
   16.1215429      0.5617    
   16.0359373      0.2401    
   15.9503317     -0.3699    
   15.8647261     -0.6472    
   15.7791204      0.4948    
   15.6935148     -7.0572E-02
   15.6079092     -8.5790E-02
   15.5223036     -0.1267    
   15.4366980      0.3214    
   15.3510923     -0.3541    
   15.2654867     -4.8367E-02
   15.1798811      6.1027E-02
   15.0942755     -5.5292E-02
   15.0086699     -8.4990E-02
   14.9230642     -0.6196    
   14.8374586      8.3942E-02
   14.7518530      0.5376    
   14.6662474      0.4701    
   14.5806417     -0.1414    
   14.4950361     -0.1249    
   14.4094305      7.2652E-02
   14.3238249     -0.2442    
   14.2382193     -0.1189    
   14.1526136     -0.1042    
   14.0670080     -0.3568    
   13.9814024      0.4478    
   13.8957968      2.3531E-02
   13.8101912      0.7859    
   13.7245855     -0.1077    
   13.6389799      0.4205    
   13.5533743     -0.3309    
   13.4677687      0.7138    
   13.3821630     -2.4242E-02
   13.2965574     -8.5605E-02
   13.2109518      2.8354E-02
   13.1253462     -0.5677    
   13.0397406     -0.3343    
   12.9541349      0.6074    
   12.8685293     -0.2362    
   12.7829237      0.2106    
   12.6973181      0.7521    
   12.6117125      0.1090    
   12.5261068      0.5168    
   12.4405012      0.1351    
   12.3548956      0.2666    
   12.2692900      6.6829E-02
   12.1836843      9.7650E-02
   12.0980787     -0.4175    
   12.0124731     -0.6626    
   11.9268675     -0.8267    
   11.8412619     -8.9414E-02
   11.7556562      0.7597    
   11.6700506      0.6232    
   11.5844450      0.6262    
   11.4988394      0.6108    
   11.4132338      0.5808    
   11.3276281      0.2632    
   11.2420225     -0.2684    
   11.1564169     -0.2513    
   11.0708113      0.1812    
   10.9852057      0.1105    
   10.8996000     -0.1172    
   10.8139944     -0.2744    
   10.7283888     -2.0380E-02
   10.6427832      0.2716    
   10.5571775      0.5700    
   10.4715719      0.5725    
   10.3859663      0.6130    
   10.3003607     -0.1738    
   10.2147551     -4.2648E-02
   10.1291494     -0.3179    
   10.0435438      0.7078    
   9.95793819      0.3149    
   9.87233257      0.2287    
   9.78672695     -0.1712    
   9.70112133      0.3884    
   9.61551571      0.7382    
   9.52991009      0.5965    
   9.44430447     -3.2079E-02
   9.35869884      0.5545    
   9.27309322      0.6178    
   9.18748760      0.1210    
   9.10188198      0.6853    
   9.01627636      0.3296    
   8.93067074     -0.3008    
   8.84506512     -5.7443E-02
   8.75945950      5.8390E-02
   8.67385387     -0.2488    
   8.58824825      0.4291    
   8.50264263     -0.2606    
   8.41703701      6.5380E-02
   8.33143139     -0.3531    
   8.24582577     -0.3938    
   8.16022015     -0.4677    
   8.07461452     -0.4710    
   7.98900890     -0.1922    
   7.90340328      0.2971    
   7.81779766      0.4427    
   7.73219204      0.1966    
   7.64658642     -0.2885    
   7.56098080     -0.3869    
   7.47537518     -0.2985    
   7.38976955      0.1050    
   7.30416393      8.5512E-02
   7.21855831      0.4627    
   7.13295269     -0.2498    
   7.04734707      0.4062    
   6.96174145      7.4366E-02
   6.87613583      0.4314    
   6.79053020     -8.3614E-02
   6.70492458      0.3803    
   6.61931896      0.3923    
   6.53371334     -0.1601    
   6.44810772     -0.3182    
   6.36250210     -0.2392    
   6.27689648      3.0420E-02
   6.19129086      0.3865    
   6.10568523      0.6626    
   6.02007961      4.2527E-02
   5.93447399     -0.6773    
   5.84886837      0.3821    
   5.76326275     -3.7766E-02
   5.67765713     -0.1426    
   5.59205151      0.1382    
   5.50644588     -0.3293    
   5.42084026      0.4613    
   5.33523464     -0.8452    
   5.24962902      0.6101    
   5.16402340      0.6272    
   5.07841778     -0.6531    
   4.99281216     -0.2959    
   4.90720654      0.2079    
   4.82160091      0.7328    
   4.73599529      0.6884    
   4.65038967      0.4422    
   4.56478405      1.8207E-02
   4.47917843     -0.5870    
   4.39357281      0.5905    
   4.30796719     -0.6604    
   4.22236156     -0.5280    
   4.13675594      -1.404    
   4.05115032     -0.6844    
   3.96554470     -0.1128    
   3.87993908     -0.6815    
   3.79433346      0.3599    
   3.70872784      0.1785    
   3.62312222      3.3394E-02
   3.53751659      0.5021    
   3.45191097      0.3774    
   3.36630535     -0.2725    
   3.28069973     -0.7672    
   3.19509411     -4.5629E-02
   3.10948849      0.7969    
   3.02388287      0.2368    
   2.93827724      0.6205    
   2.85267162      0.7682    
   2.76706600      0.6329    
   2.68146038     -8.3631E-02
   2.59585476      0.5399    
   2.51024914      0.3353    
   2.42464352     -0.1659    
   2.33903790     -0.2942    
   2.25343227     -0.6435    
   2.16782665     -0.4173    
   2.08222103      -1.088    
   1.99661541      0.8577    
   1.91100979     -0.2125    
   1.82540417     -5.8279E-02
   1.73979855      2.6965E-02
   1.65419292     -7.3877E-02
   1.56858730     -0.5711    
   1.48298168     -0.6940    
   1.39737606     -5.4162E-02
   1.31177044      0.1069    
   1.22616482      0.5157    
   1.14055920      0.4167    
   1.05495358      0.2564    
  0.969347954      0.7404    
  0.883742332      0.6904    
  0.798136711      0.3941    
  0.712531090      -1.076    
  0.626925468      -1.149    
  0.541319847     -0.1385    
  0.455714226      0.6698    
  0.370108604      0.5167    
  0.284502983     -0.2631    
  0.198897362     -1.2588E-02
