   20.2113314      1.3113E-02
   20.1302309      0.1095    
   20.0491304      0.1135    
   19.9680300     -0.7664    
   19.8869295      0.5962    
   19.8058290      0.2071    
   19.7247286     -0.9706    
   19.6436281      7.5179E-02
   19.5625277      0.1842    
   19.4814272      0.1188    
   19.4003267     -0.1950    
   19.3192263     -3.3609E-02
   19.2381258      0.3742    
   19.1570253      0.5569    
   19.0759249      0.3910    
   18.9948244     -0.5058    
   18.9137239      0.5969    
   18.8326235     -0.2416    
   18.7515230      0.1227    
   18.6704226      -1.075    
   18.5893221      0.6273    
   18.5082216      0.3403    
   18.4271212      0.3915    
   18.3460207      0.3093    
   18.2649202      3.4991E-02
   18.1838198     -0.4943    
   18.1027193     -0.5273    
   18.0216188      0.4622    
   17.9405184      0.5177    
   17.8594179     -0.7117    
   17.7783175     -0.3464    
   17.6972170      0.6255    
   17.6161165     -0.1334    
   17.5350161      0.2952    
   17.4539156      2.7197E-02
   17.3728151     -1.3996E-02
   17.2917147      0.2546    
   17.2106142     -0.5653    
   17.1295137      6.2992E-02
   17.0484133      0.4211    
   16.9673128     -0.8797    
   16.8862123     -0.1933    
   16.8051119     -0.5189    
   16.7240114      0.2946    
   16.6429110     -0.3820    
   16.5618105      0.5570    
   16.4807100     -0.6385    
   16.3996096     -0.1754    
   16.3185091      0.1582    
   16.2374086      0.2013    
   16.1563082     -0.2443    
   16.0752077     -0.5137    
   15.9941072      0.2769    
   15.9130068      0.2592    
   15.8319063     -0.3340    
   15.7508059      5.2828E-02
   15.6697054      0.2087    
   15.5886049      0.4499    
   15.5075045      0.5682    
   15.4264040      0.4440    
   15.3453035     -0.4522    
   15.2642031      0.1714    
   15.1831026      0.5613    
   15.1020021     -0.1892    
   15.0209017     -0.2610    
   14.9398012      0.1114    
   14.8587008      0.4267    
   14.7776003      0.2424    
   14.6964998      0.2395    
   14.6153994       1.302    
   14.5342989     -7.5415E-02
   14.4531984      0.2398    
   14.3720980     -0.1358    
   14.2909975      0.5297    
   14.2098970      0.4073    
   14.1287966     -0.5950    
   14.0476961      0.1503    
   13.9665956      2.1377E-02
   13.8854952      0.5008    
   13.8043947      -1.005    
   13.7232943      0.4036    
   13.6421938      0.2204    
   13.5610933     -0.1087    
   13.4799929      0.7674    
   13.3988924     -0.8793    
   13.3177919     -0.2899    
   13.2366915     -4.4370E-02
   13.1555910      0.2147    
   13.0744905     -0.3963    
   12.9933901     -0.3095    
   12.9122896     -0.3149    
   12.8311892     -0.4731    
   12.7500887      0.2897    
   12.6689882     -0.2123    
   12.5878878     -0.1415    
   12.5067873     -0.2633    
   12.4256868      0.1566    
   12.3445864     -0.1728    
   12.2634859     -0.1545    
   12.1823854     -0.1759    
   12.1012850      0.2484    
   12.0201845      0.3898    
   11.9390841      0.7200    
   11.8579836     -0.3150    
   11.7768831      0.4967    
   11.6957827      0.5752    
   11.6146822     -0.3296    
   11.5335817      0.8503    
   11.4524813      0.2244    
   11.3713808      0.7780    
   11.2902803      0.2360    
   11.2091799      0.9979    
   11.1280794      0.6844    
   11.0469790       1.934    
   10.9658785      0.8473    
   10.8847780     -0.4875    
   10.8036776      0.3929    
   10.7225771      4.4434E-02
   10.6414766     -1.7256E-03
   10.5603762     -0.2669    
   10.4792757     -3.2778E-02
   10.3981752      0.3914    
   10.3170748       1.134    
   10.2359743      0.2474    
   10.1548738      0.6865    
   10.0737734       1.001    
   9.99267292      0.3545    
   9.91157246       1.060    
   9.83047199      0.2851    
   9.74937153     -0.3639    
   9.66827106     -0.6694    
   9.58717060      0.3434    
   9.50607014      0.4183    
   9.42496967     -0.4633    
   9.34386921     -0.7426    
   9.26276875     -0.1727    
   9.18166828     -0.1601    
   9.10056782      0.4623    
   9.01946735     -0.5614    
   8.93836689      0.1842    
   8.85726643      0.4995    
   8.77616596      0.2494    
   8.69506550     -8.2921E-02
   8.61396503      5.9364E-02
   8.53286457      0.8224    
   8.45176411      0.4772    
   8.37066364     -7.9146E-02
   8.28956318      0.5827    
   8.20846272     -1.8760E-02
   8.12736225     -0.2369    
   8.04626179       1.255    
   7.96516132      0.1037    
   7.88406086      0.4019    
   7.80296040     -0.5913    
   7.72185993      0.3486    
   7.64075947      0.3353    
   7.55965900     -0.5513    
   7.47855854     -0.1417    
   7.39745808       1.300    
   7.31635761     -6.5308E-02
   7.23525715      6.0903E-02
   7.15415668     -0.6723    
   7.07305622     -0.6268    
   6.99195576      0.3434    
   6.91085529     -0.2861    
   6.82975483      0.1507    
   6.74865437     -0.2958    
   6.66755390      -1.377    
   6.58645344     -0.3789    
   6.50535297     -0.4907    
   6.42425251      0.4014    
   6.34315205       1.020    
   6.26205158     -0.8680    
   6.18095112     -0.1402    
   6.09985065      0.3820    
   6.01875019     -0.2382    
   5.93764973      0.3970    
   5.85654926      0.6548    
   5.77544880      3.9701E-02
   5.69434834      0.6952    
   5.61324787     -0.7071    
   5.53214741     -8.9888E-02
   5.45104694     -0.7934    
   5.36994648     -0.3899    
   5.28884602     -8.5222E-02
   5.20774555     -0.4444    
   5.12664509      9.6457E-02
   5.04554462      0.6583    
   4.96444416     -0.3963    
   4.88334370      0.1361    
   4.80224323      0.1045    
   4.72114277     -0.4260    
   4.64004230      0.8707    
   4.55894184       1.487    
   4.47784138      0.1691    
   4.39674091     -0.1177    
   4.31564045      0.5203    
   4.23453999     -0.5516    
   4.15343952     -0.1812    
   4.07233906      0.1686    
   3.99123859      8.4824E-03
   3.91013813      0.6784    
   3.82903767      3.9384E-02
   3.74793720     -2.1489E-02
   3.66683674      -1.111    
   3.58573627     -0.6982    
   3.50463581     -0.4907    
   3.42353535     -0.7809    
   3.34243488     -3.2593E-02
   3.26133442      0.2964    
   3.18023396     -0.2145    
   3.09913349      0.2625    
   3.01803303     -3.6868E-02
   2.93693256     -0.6049    
   2.85583210      0.4435    
   2.77473164     -0.8945    
   2.69363117     -0.4522    
   2.61253071     -0.3623    
   2.53143024      -1.020    
   2.45032978      0.2801    
   2.36922932      0.1376    
   2.28812885      0.4455    
   2.20702839     -0.5008    
   2.12592793      1.5202E-02
   2.04482746     -1.6833E-02
   1.96372700      1.6779E-02
   1.88262653     -0.4948    
   1.80152607     -0.4363    
   1.72042561     -0.6522    
   1.63932514     -0.5280    
   1.55822468      0.2098    
   1.47712421     -0.9745    
   1.39602375     -1.6729E-02
   1.31492329     -0.2018    
   1.23382282      6.3296E-02
   1.15272236     -6.1374E-02
   1.07162189     -0.2935    
  0.990521431      0.1408    
  0.909420967      0.2940    
  0.828320503      0.6988    
  0.747220039     -3.6429E-02
  0.666119576      0.8437    
  0.585019112     -0.4086    
  0.503918648      0.3452    
  0.422818184     -8.2684E-02
  0.341717720      7.5878E-02
  0.260617256     -0.3187    
  0.179516792     -0.4198    
