   44.8861122      6.6590E-03   0.000       0.000    
   42.1193275      0.1214       0.000       0.000    
   39.3525429      6.6700E-02   0.000       0.000    
   36.5857582     -2.5349E-02   0.000       0.000    
   33.8189735      0.2096       0.000       0.000    
   31.0521889     -9.9245E-02   0.000       0.000    
   28.2854042     -5.4199E-02   0.000       0.000    
   25.5186195      0.2042       0.000       0.000    
   22.7518349     -2.9551E-02   0.000       0.000    
   19.9850502      1.2494E-02  5.3585E-07  5.3585E-07
   17.2182655     -3.6277E-02  1.3576E-04  1.3576E-04
   14.4514809      0.1619      1.0567E-02  1.0567E-02
   11.6846962      0.6350      0.2527      0.2527    
   8.91791153       1.739       1.857       1.857    
   6.15112686       4.205       4.191       4.191    
   3.38434219       2.958       2.906       2.906    
  0.617557526      0.4747      0.6192      0.6192    
  -2.14922714      0.1057      4.0534E-02  4.0534E-02
  -4.91601181      0.1573      8.1515E-04  8.1515E-04
  -7.68279648     -4.0498E-03  5.0364E-06  5.0364E-06
  -10.4495811     -2.8751E-02   0.000       0.000    
  -13.2163658     -2.2259E-02   0.000       0.000    
  -15.9831505     -3.1233E-02   0.000       0.000    
  -18.7499352     -5.7203E-02   0.000       0.000    
  -21.5167198     -7.5729E-02   0.000       0.000    
  -24.2835045     -8.0305E-02   0.000       0.000    
  -27.0502892     -4.2905E-02   0.000       0.000    
  -29.8170738     -3.2291E-02   0.000       0.000    
  -32.5838585     -2.6691E-02   0.000       0.000    
  -35.3506432     -2.6211E-02   0.000       0.000    
