   14.2896075      0.3210       0.000       0.000    
   14.2085195     -0.6287       0.000       0.000    
   14.1274314     -0.2316       0.000       0.000    
   14.0463433     -0.1456       0.000       0.000    
   13.9652553      0.4724       0.000       0.000    
   13.8841672      0.4644       0.000       0.000    
   13.8030791     -1.9936E-02  2.7117E-07  2.7117E-07
   13.7219911     -0.2115      3.5190E-07  3.5190E-07
   13.6409030     -0.3633      4.5567E-07  4.5567E-07
   13.5598149      4.2040E-02  5.8878E-07  5.8878E-07
   13.4787269     -0.1688      7.5915E-07  7.5915E-07
   13.3976388      0.4855      9.7672E-07  9.7672E-07
   13.3165507      0.2699      1.2540E-06  1.2540E-06
   13.2354627      0.4161      1.6064E-06  1.6064E-06
   13.1543746      0.1464      2.0536E-06  2.0536E-06
   13.0732865       1.169      2.6196E-06  2.6196E-06
   12.9921985      0.2136      3.3344E-06  3.3344E-06
   12.9111104     -0.2599      4.2353E-06  4.2353E-06
   12.8300223      0.3801      5.3680E-06  5.3680E-06
   12.7489343     -0.5840      6.7890E-06  6.7890E-06
   12.6678462     -0.7417      8.5679E-06  8.5679E-06
   12.5867581     -0.5868      1.0790E-05  1.0790E-05
   12.5056701      0.6875      1.3559E-05  1.3559E-05
   12.4245820     -0.7476      1.7002E-05  1.7002E-05
   12.3434939      0.8115      2.1273E-05  2.1273E-05
   12.2624059     -0.3453      2.6561E-05  2.6561E-05
   12.1813178     -0.2695      3.3092E-05  3.3092E-05
   12.1002297     -0.2854      4.1142E-05  4.1142E-05
   12.0191417     -0.2211      5.1039E-05  5.1039E-05
   11.9380536      0.4156      6.3182E-05  6.3182E-05
   11.8569655      0.1385      7.8046E-05  7.8046E-05
   11.7758775      0.5913      9.6201E-05  9.6201E-05
   11.6947894     -0.2264      1.1833E-04  1.1833E-04
   11.6137013     -0.6311      1.4523E-04  1.4523E-04
   11.5326133      0.1284      1.7786E-04  1.7786E-04
   11.4515252      0.5265      2.1736E-04  2.1736E-04
   11.3704371      6.1408E-02  2.6507E-04  2.6507E-04
   11.2893491     -5.9364E-02  3.2256E-04  3.2256E-04
   11.2082610      0.3200      3.9167E-04  3.9167E-04
   11.1271729     -1.4931E-02  4.7458E-04  4.7458E-04
   11.0460849       1.219      5.7380E-04  5.7380E-04
   10.9649968     -0.2248      6.9228E-04  6.9228E-04
   10.8839087     -0.5885      8.3343E-04  8.3343E-04
   10.8028207     -0.1304      1.0012E-03  1.0012E-03
   10.7217326     -0.7141      1.2002E-03  1.2002E-03
   10.6406446      0.4452      1.4357E-03  1.4357E-03
   10.5595565     -0.6908      1.7137E-03  1.7137E-03
   10.4784684       1.033      2.0411E-03  2.0411E-03
   10.3973804     -3.6970E-02  2.4259E-03  2.4259E-03
   10.3162923     -0.8167      2.8771E-03  2.8771E-03
   10.2352042     -0.6584      3.4048E-03  3.4048E-03
   10.1541162     -0.1104      4.0208E-03  4.0208E-03
   10.0730281      -1.243      4.7380E-03  4.7380E-03
   9.99194002     -0.2336      5.5712E-03  5.5712E-03
   9.91085196     -0.5253      6.5369E-03  6.5369E-03
   9.82976389      0.6548      7.6536E-03  7.6536E-03
   9.74867582      0.6589      8.9418E-03  8.9418E-03
   9.66758776     -0.2620      1.0425E-02  1.0425E-02
   9.58649969       1.125      1.2127E-02  1.2127E-02
   9.50541162     -0.2120      1.4078E-02  1.4078E-02
   9.42432356     -0.5809      1.6307E-02  1.6307E-02
   9.34323549      -1.078      1.8848E-02  1.8848E-02
   9.26214743     -0.3628      2.1740E-02  2.1740E-02
   9.18105936      0.4274      2.5021E-02  2.5021E-02
   9.09997129     -0.2698      2.8735E-02  2.8735E-02
   9.01888323      0.3793      3.2931E-02  3.2931E-02
   8.93779516     -0.2383      3.7658E-02  3.7658E-02
   8.85670710      0.3251      4.2971E-02  4.2971E-02
   8.77561903     -0.5264      4.8930E-02  4.8930E-02
   8.69453096      0.3960      5.5595E-02  5.5595E-02
   8.61344290      0.1602      6.3033E-02  6.3033E-02
   8.53235483     -0.4606      7.1313E-02  7.1313E-02
   8.45126677     -0.8212      8.0508E-02  8.0508E-02
   8.37017870     -0.6524      9.0694E-02  9.0694E-02
   8.28909063      0.7423      0.1019      0.1019    
   8.20800257     -0.1870      0.1144      0.1144    
   8.12691450     -0.8025      0.1280      0.1280    
   8.04582644      0.1111      0.1430      0.1430    
   7.96473837      0.2068      0.1593      0.1593    
   7.88365030       1.044      0.1772      0.1772    
   7.80256224      0.7505      0.1967      0.1967    
   7.72147417     -0.3147      0.2178      0.2178    
   7.64038610     -0.4841      0.2406      0.2406    
   7.55929804     -0.4321      0.2653      0.2653    
   7.47820997      0.4230      0.2919      0.2919    
   7.39712191     -0.2220      0.3205      0.3205    
   7.31603384      0.6943      0.3512      0.3512    
   7.23494577       1.346      0.3839      0.3839    
   7.15385771     -9.5092E-02  0.4188      0.4188    
   7.07276964      0.3609      0.4559      0.4559    
   6.99168158      0.6788      0.4952      0.4952    
   6.91059351       1.232      0.5367      0.5367    
   6.82950544      0.8805      0.5805      0.5805    
   6.74841738      0.4380      0.6265      0.6265    
   6.66732931      8.6252E-02  0.6747      0.6747    
   6.58624125     -0.2385      0.7251      0.7251    
   6.50515318      0.3134      0.7775      0.7775    
   6.42406511       1.787      0.8320      0.8320    
   6.34297705       1.178      0.8884      0.8884    
   6.26188898      0.1491      0.9465      0.9465    
   6.18080091       1.270       1.006       1.006    
   6.09971285       1.370       1.068       1.068    
   6.01862478       1.322       1.130       1.130    
   5.93753672      0.8055       1.194       1.194    
   5.85644865      0.8084       1.259       1.259    
   5.77536058       2.365       1.324       1.324    
   5.69427252       1.568       1.390       1.390    
   5.61318445       2.696       1.455       1.455    
   5.53209639      0.4111       1.521       1.521    
   5.45100832       1.649       1.586       1.586    
   5.36992025       1.557       1.651       1.651    
   5.28883219       1.578       1.714       1.714    
   5.20774412      0.4389       1.776       1.776    
   5.12665606       2.082       1.837       1.837    
   5.04556799       2.891       1.895       1.895    
   4.96447992       2.104       1.951       1.951    
   4.88339186       2.538       2.004       2.004    
   4.80230379       2.657       2.055       2.055    
   4.72121572       2.379       2.102       2.102    
   4.64012766       1.812       2.145       2.145    
   4.55903959       2.303       2.185       2.185    
   4.47795153       2.052       2.221       2.221    
   4.39686346       1.844       2.253       2.253    
   4.31577539       1.482       2.280       2.280    
   4.23468733       2.760       2.303       2.303    
   4.15359926       1.987       2.320       2.320    
   4.07251120       1.744       2.333       2.333    
   3.99142313       2.718       2.341       2.341    
   3.91033506       2.386       2.344       2.344    
   3.82924700       2.532       2.342       2.342    
   3.74815893       1.732       2.335       2.335    
   3.66707087       2.888       2.323       2.323    
   3.58598280       2.106       2.306       2.306    
   3.50489473       2.470       2.285       2.285    
   3.42380667       2.689       2.258       2.258    
   3.34271860       2.332       2.227       2.227    
   3.26163054       3.071       2.192       2.192    
   3.18054247       1.864       2.153       2.153    
   3.09945440       1.743       2.110       2.110    
   3.01836634       1.923       2.064       2.064    
   2.93727827       1.806       2.014       2.014    
   2.85619020       1.253       1.961       1.961    
   2.77510214       2.226       1.905       1.905    
   2.69401407       2.337       1.848       1.848    
   2.61292601       2.937       1.788       1.788    
   2.53183794      0.8910       1.726       1.726    
   2.45074987      0.1648       1.663       1.663    
   2.36966181      0.8913       1.598       1.598    
   2.28857374      0.8784       1.533       1.533    
   2.20748568       1.919       1.468       1.468    
   2.12639761      0.9769       1.402       1.402    
   2.04530954       1.852       1.336       1.336    
   1.96422148       2.390       1.271       1.271    
   1.88313341       1.963       1.206       1.206    
   1.80204535       1.694       1.142       1.142    
   1.72095728       1.214       1.079       1.079    
   1.63986921       1.059       1.018       1.018    
   1.55878115      0.7419      0.9575      0.9575    
   1.47769308      0.1143      0.8990      0.8990    
   1.39660501      0.2013      0.8423      0.8423    
   1.31551695      0.5029      0.7875      0.7875    
   1.23442888     -1.9577E-03  0.7347      0.7347    
   1.15334082      0.2106      0.6839      0.6839    
   1.07225275       1.002      0.6353      0.6353    
  0.991164684       1.160      0.5889      0.5889    
  0.910076618      0.5596      0.5447      0.5447    
  0.828988552      0.8785      0.5027      0.5027    
  0.747900486      0.7317      0.4630      0.4630    
  0.666812420     -0.2566      0.4255      0.4255    
  0.585724354      0.7732      0.3902      0.3902    
  0.504636288       1.049      0.3571      0.3571    
  0.423548222      0.8154      0.3260      0.3260    
  0.342460155       1.400      0.2971      0.2971    
  0.261372089      0.3536      0.2701      0.2701    
  0.180284023     -0.4658      0.2451      0.2451    
  9.919595718E-02   1.699      0.2219      0.2219    
  1.810789108E-02  0.5066      0.2004      0.2004    
 -6.298017502E-02  5.0745E-02  0.1807      0.1807    
 -0.144068241      0.1781      0.1625      0.1625    
 -0.225156307      0.2486      0.1459      0.1459    
 -0.306244373      0.4518      0.1307      0.1307    
 -0.387332439      7.9410E-02  0.1168      0.1168    
 -0.468420506     -0.1997      0.1042      0.1042    
 -0.549508572      -1.114      9.2698E-02  9.2698E-02
 -0.630596638      0.2816      8.2319E-02  8.2319E-02
 -0.711684704     -5.1285E-02  7.2946E-02  7.2946E-02
 -0.792772770      0.1201      6.4502E-02  6.4502E-02
 -0.873860836     -0.8281      5.6914E-02  5.6914E-02
 -0.954948902     -0.5478      5.0110E-02  5.0110E-02
  -1.03603697     -0.4957      4.4026E-02  4.4026E-02
  -1.11712503      0.8549      3.8597E-02  3.8597E-02
  -1.19821310     -0.8942      3.3765E-02  3.3765E-02
  -1.27930117     -0.4602      2.9475E-02  2.9475E-02
  -1.36038923      0.2234      2.5675E-02  2.5675E-02
  -1.44147730     -0.3450      2.2317E-02  2.2317E-02
  -1.52256536      0.1323      1.9357E-02  1.9357E-02
  -1.60365343      0.8551      1.6753E-02  1.6753E-02
  -1.68474150      0.3237      1.4469E-02  1.4469E-02
  -1.76582956      0.2781      1.2469E-02  1.2469E-02
  -1.84691763      0.4676      1.0723E-02  1.0723E-02
  -1.92800570      0.3028      9.2013E-03  9.2013E-03
  -2.00909376     -0.4339      7.8788E-03  7.8788E-03
  -2.09018183      0.6750      6.7320E-03  6.7320E-03
  -2.17126989      0.1101      5.7397E-03  5.7397E-03
  -2.25235796     -0.4289      4.8833E-03  4.8833E-03
  -2.33344603      0.6031      4.1457E-03  4.1457E-03
  -2.41453409     -0.4497      3.5120E-03  3.5120E-03
  -2.49562216     -2.2305E-02  2.9688E-03  2.9688E-03
  -2.57671022      -1.515      2.5043E-03  2.5043E-03
  -2.65779829      0.2298      2.1079E-03  2.1079E-03
  -2.73888636     -1.0102E-02  1.7704E-03  1.7704E-03
  -2.81997442      0.7299      1.4838E-03  1.4838E-03
  -2.90106249      0.2885      1.2410E-03  1.2410E-03
  -2.98215055     -9.7400E-02  1.0356E-03  1.0356E-03
  -3.06323862     -0.9965      8.6241E-04  8.6241E-04
  -3.14432669     -0.1210      7.1663E-04  7.1663E-04
  -3.22541475     -0.2835      5.9421E-04  5.9421E-04
  -3.30650282      0.5041      4.9166E-04  4.9166E-04
  -3.38759089     -0.2233      4.0593E-04  4.0593E-04
  -3.46867895      0.5216      3.3443E-04  3.3443E-04
  -3.54976702     -0.7519      2.7494E-04  2.7494E-04
  -3.63085508     -0.1826      2.2555E-04  2.2555E-04
  -3.71194315     -0.8798      1.8463E-04  1.8463E-04
  -3.79303122      0.7504      1.5081E-04  1.5081E-04
  -3.87411928      0.1265      1.2293E-04  1.2293E-04
  -3.95520735      0.4104      9.9981E-05  9.9981E-05
  -4.03629541     -0.2195      8.1145E-05  8.1145E-05
  -4.11738348      9.1838E-02  6.5716E-05  6.5716E-05
  -4.19847155     -0.3226      5.3108E-05  5.3108E-05
  -4.27955961     -0.6466      4.2826E-05  4.2826E-05
  -4.36064768     -0.6702      3.4461E-05  3.4461E-05
  -4.44173574     -0.4185      2.7671E-05  2.7671E-05
  -4.52282381      0.1346      2.2171E-05  2.2171E-05
  -4.60391188      0.1333      1.7726E-05  1.7726E-05
  -4.68499994     -0.2438      1.4142E-05  1.4142E-05
  -4.76608801     -0.9455      1.1258E-05  1.1258E-05
  -4.84717607     -0.3698      8.9435E-06  8.9435E-06
  -4.92826414     -0.6063      7.0895E-06  7.0895E-06
  -5.00935221      0.4700      5.6078E-06  5.6078E-06
  -5.09044027      0.4842      4.4262E-06  4.4262E-06
  -5.17152834       1.072      3.4862E-06  3.4862E-06
  -5.25261641       1.513      2.7399E-06  2.7399E-06
  -5.33370447      0.9919      2.1487E-06  2.1487E-06
  -5.41479254     -3.8889E-02  1.6815E-06  1.6815E-06
  -5.49588060     -0.7564      1.3131E-06  1.3131E-06
  -5.57696867     -0.4972      1.0232E-06  1.0232E-06
  -5.65805674      0.6915      7.9559E-07  7.9559E-07
  -5.73914480      0.1049      6.1729E-07  6.1729E-07
