   45.8893528      2.9593E-02   0.000       0.000    
   43.3620815      0.4309       0.000       0.000    
   40.8348103      0.2315       0.000       0.000    
   38.3075390      0.5345       0.000       0.000    
   35.7802677      0.4893       0.000       0.000    
   33.2529964      0.2343       0.000       0.000    
   30.7257252     -0.1376       0.000       0.000    
   28.1984539      8.1303E-02   0.000       0.000    
   25.6711826      0.1518       0.000       0.000    
   23.1439114      0.5184       0.000       0.000    
   20.6166401      0.7277       0.000       0.000    
   18.0893688      0.4565       0.000       0.000    
   15.5620975      0.4810       0.000       0.000    
   13.0348263      0.3147      2.3483E-05  2.3483E-05
   10.5075550     -7.9371E-02  1.5233E-02  1.5233E-02
   7.98028374      0.5326      0.5244      0.5244    
   5.45301247      0.9535      0.9580      0.9580    
   2.92574120      0.1095      9.2882E-02  9.2882E-02
  0.398469925     -8.5329E-02  4.7788E-04  4.7788E-04
  -2.12880135     -1.8895E-02  1.3048E-07  1.3048E-07
  -4.65607262     -0.1887       0.000       0.000    
  -7.18334389      0.1021       0.000       0.000    
  -9.71061516      0.3371       0.000       0.000    
  -12.2378864      3.7948E-02   0.000       0.000    
  -14.7651577      0.2273       0.000       0.000    
  -17.2924290      0.1584       0.000       0.000    
  -19.8197002      0.2111       0.000       0.000    
  -22.3469715      0.6838       0.000       0.000    
  -24.8742428      0.6123       0.000       0.000    
  -27.4015141      0.4101       0.000       0.000    
  -29.9287853      0.2447       0.000       0.000    
  -32.4560566      0.2789       0.000       0.000    
