   18.9792967      0.2230       0.000       0.000    
   18.8936987      0.1075       0.000       0.000    
   18.8081007     -0.7757       0.000       0.000    
   18.7225027     -0.2064       0.000       0.000    
   18.6369047     -0.5803       0.000       0.000    
   18.5513067      8.1466E-02   0.000       0.000    
   18.4657087      0.3133       0.000       0.000    
   18.3801107     -0.4172       0.000       0.000    
   18.2945127     -0.8039       0.000       0.000    
   18.2089148     -0.1591       0.000       0.000    
   18.1233168      0.8416       0.000       0.000    
   18.0377188      0.2288       0.000       0.000    
   17.9521208      5.2251E-02   0.000       0.000    
   17.8665228     -0.1923       0.000       0.000    
   17.7809248      1.7228E-03   0.000       0.000    
   17.6953268     -0.3348       0.000       0.000    
   17.6097288     -6.5387E-02   0.000       0.000    
   17.5241308     -0.8368       0.000       0.000    
   17.4385328      0.3333       0.000       0.000    
   17.3529348     -0.2122       0.000       0.000    
   17.2673368      3.8431E-02   0.000       0.000    
   17.1817389      0.1272       0.000       0.000    
   17.0961409      0.1490       0.000       0.000    
   17.0105429     -0.7160       0.000       0.000    
   16.9249449     -0.9586       0.000       0.000    
   16.8393469      0.4346       0.000       0.000    
   16.7537489      0.8123       0.000       0.000    
   16.6681509      -1.016       0.000       0.000    
   16.5825529      0.4356       0.000       0.000    
   16.4969549      0.2689       0.000       0.000    
   16.4113569      0.2171       0.000       0.000    
   16.3257589      0.4547       0.000       0.000    
   16.2401609      0.3221       0.000       0.000    
   16.1545630       1.068       0.000       0.000    
   16.0689650      2.1430E-02   0.000       0.000    
   15.9833670      8.8947E-02   0.000       0.000    
   15.8977690     -0.2811       0.000       0.000    
   15.8121710     -8.4835E-02   0.000       0.000    
   15.7265730       1.379       0.000       0.000    
   15.6409750      0.3104       0.000       0.000    
   15.5553770      0.1374       0.000       0.000    
   15.4697790      0.3381       0.000       0.000    
   15.3841810     -0.3246       0.000       0.000    
   15.2985830     -0.4157       0.000       0.000    
   15.2129850     -0.4294       0.000       0.000    
   15.1273870      0.2032       0.000       0.000    
   15.0417891     -0.4111       0.000       0.000    
   14.9561911     -3.8158E-02   0.000       0.000    
   14.8705931      0.1444       0.000       0.000    
   14.7849951     -0.1929       0.000       0.000    
   14.6993971      0.3038       0.000       0.000    
   14.6137991      7.2032E-02   0.000       0.000    
   14.5282011     -0.2967       0.000       0.000    
   14.4426031     -0.1593       0.000       0.000    
   14.3570051       1.109       0.000       0.000    
   14.2714071      0.6627       0.000       0.000    
   14.1858091     -0.4811       0.000       0.000    
   14.1002111     -0.9087       0.000       0.000    
   14.0146132      0.1485       0.000       0.000    
   13.9290152     -8.0271E-02   0.000       0.000    
   13.8434172      0.1456       0.000       0.000    
   13.7578192      0.1551       0.000       0.000    
   13.6722212     -0.2833       0.000       0.000    
   13.5866232      0.5228       0.000       0.000    
   13.5010252     -6.9438E-02   0.000       0.000    
   13.4154272      0.1163       0.000       0.000    
   13.3298292      0.7439       0.000       0.000    
   13.2442312      0.9467       0.000       0.000    
   13.1586332     -0.3404       0.000       0.000    
   13.0730352     -0.5129       0.000       0.000    
   12.9874372      0.5464       0.000       0.000    
   12.9018393     -3.2434E-02   0.000       0.000    
   12.8162413     -0.9386       0.000       0.000    
   12.7306433     -0.1511       0.000       0.000    
   12.6450453     -0.2092       0.000       0.000    
   12.5594473     -0.2715       0.000       0.000    
   12.4738493      0.6653       0.000       0.000    
   12.3882513      0.9634       0.000       0.000    
   12.3026533      6.9006E-03   0.000       0.000    
   12.2170553      0.9195       0.000       0.000    
   12.1314573      0.7479      6.3874E-07  6.3874E-07
   12.0458593      0.2212      1.3803E-06  1.3803E-06
   11.9602613     -0.1174      2.9265E-06  2.9265E-06
   11.8746634     -0.8003      6.0872E-06  6.0872E-06
   11.7890654      0.2774      1.2422E-05  1.2422E-05
   11.7034674     -0.1584      2.4869E-05  2.4869E-05
   11.6178694      0.3328      4.8847E-05  4.8847E-05
   11.5322714      0.4638      9.4128E-05  9.4128E-05
   11.4466734     -0.4410      1.7795E-04  1.7795E-04
   11.3610754     -0.6133      3.3006E-04  3.3006E-04
   11.2754774     -8.5265E-02  6.0059E-04  6.0059E-04
   11.1898794      0.2728      1.0722E-03  1.0722E-03
   11.1042814     -0.2804      1.8778E-03  1.8778E-03
   11.0186834     -0.3770      3.2267E-03  3.2267E-03
   10.9330854     -0.3802      5.4395E-03  5.4395E-03
   10.8474874     -0.2766      8.9962E-03  8.9962E-03
   10.7618895      0.2050      1.4597E-02  1.4597E-02
   10.6762915      0.1142      2.3237E-02  2.3237E-02
   10.5906935      1.6594E-02  3.6290E-02  3.6290E-02
   10.5050955      0.3429      5.5603E-02  5.5603E-02
   10.4194975     -0.2632      8.3583E-02  8.3583E-02
   10.3338995     -0.2785      0.1233      0.1233    
   10.2483015       1.186      0.1783      0.1783    
   10.1627035      0.1157      0.2532      0.2532    
   10.0771055      0.5155      0.3525      0.3525    
   9.99150753      0.9522      0.4817      0.4817    
   9.90590954       1.332      0.6456      0.6456    
   9.82031155       1.372      0.8490      0.8490    
   9.73471355       1.614       1.095       1.095    
   9.64911556       1.295       1.386       1.386    
   9.56351757       2.373       1.722       1.722    
   9.47791958       1.651       2.097       2.097    
   9.39232159       2.382       2.507       2.507    
   9.30672359       3.471       2.940       2.940    
   9.22112560       3.014       3.382       3.382    
   9.13552761       3.071       3.817       3.817    
   9.04992962       3.933       4.227       4.227    
   8.96433163       4.499       4.591       4.591    
   8.87873363       4.359       4.894       4.894    
   8.79313564       4.974       5.117       5.117    
   8.70753765       4.913       5.249       5.249    
   8.62193966       5.910       5.283       5.283    
   8.53634167       5.549       5.216       5.216    
   8.45074368       5.269       5.053       5.053    
   8.36514568       5.399       4.802       4.802    
   8.27954769       5.045       4.477       4.477    
   8.19394970       3.482       4.095       4.095    
   8.10835171       3.732       3.675       3.675    
   8.02275372       2.657       3.236       3.236    
   7.93715572       3.054       2.795       2.795    
   7.85155773       3.259       2.369       2.369    
   7.76595974       1.768       1.969       1.969    
   7.68036175      0.9272       1.606       1.606    
   7.59476376      0.9111       1.285       1.285    
   7.50916576       1.015       1.009       1.009    
   7.42356777      0.5116      0.7772      0.7772    
   7.33796978      0.4182      0.5873      0.5873    
   7.25237179      0.5794      0.4354      0.4354    
   7.16677380      0.3474      0.3167      0.3167    
   7.08117580     -3.3196E-02  0.2260      0.2260    
   6.99557781     -0.4568      0.1582      0.1582    
   6.90997982      0.1034      0.1086      0.1086    
   6.82438183     -0.8216      7.3206E-02  7.3206E-02
   6.73878384     -0.1701      4.8394E-02  4.8394E-02
   6.65318584     -0.3735      3.1386E-02  3.1386E-02
   6.56758785     -0.5715      1.9970E-02  1.9970E-02
   6.48198986     -0.5738      1.2466E-02  1.2466E-02
   6.39639187     -0.5425      7.6346E-03  7.6346E-03
   6.31079388     -0.5271      4.5871E-03  4.5871E-03
   6.22519588      7.7095E-02  2.7039E-03  2.7039E-03
   6.13959789     -0.4383      1.5637E-03  1.5637E-03
   6.05399990     -0.5833      8.8720E-04  8.8720E-04
   5.96840191      0.3326      4.9385E-04  4.9385E-04
   5.88280392      7.0097E-02  2.6969E-04  2.6969E-04
   5.79720592     -1.1396E-02  1.4449E-04  1.4449E-04
   5.71160793     -8.6932E-02  7.5947E-05  7.5947E-05
   5.62600994     -0.2557      3.9164E-05  3.9164E-05
   5.54041195      0.1354      1.9814E-05  1.9814E-05
   5.45481396      0.3158      9.8346E-06  9.8346E-06
   5.36921597     -0.3933      4.7890E-06  4.7890E-06
   5.28361797      0.5896      2.2879E-06  2.2879E-06
   5.19801998     -0.1522      1.0723E-06  1.0723E-06
   5.11242199     -0.3027       0.000       0.000    
   5.02682400     -0.3434       0.000       0.000    
   4.94122601     -0.2715       0.000       0.000    
   4.85562801      0.1037       0.000       0.000    
   4.77003002      0.3396       0.000       0.000    
   4.68443203      0.1639       0.000       0.000    
   4.59883404      0.7328       0.000       0.000    
   4.51323605      0.9234       0.000       0.000    
   4.42763805       1.020       0.000       0.000    
   4.34204006     -0.4338       0.000       0.000    
   4.25644207     -0.2162       0.000       0.000    
   4.17084408     -0.4129       0.000       0.000    
   4.08524609       1.354       0.000       0.000    
   3.99964809     -0.1988       0.000       0.000    
   3.91405010      0.5100       0.000       0.000    
   3.82845211     -0.6246       0.000       0.000    
   3.74285412      0.4543       0.000       0.000    
   3.65725613     -0.4546       0.000       0.000    
   3.57165813      6.3945E-02   0.000       0.000    
   3.48606014      0.3950       0.000       0.000    
   3.40046215     -0.7606       0.000       0.000    
   3.31486416     -0.2053       0.000       0.000    
   3.22926617      0.4872       0.000       0.000    
   3.14366817      0.6852       0.000       0.000    
   3.05807018     -0.3472       0.000       0.000    
   2.97247219     -0.1478       0.000       0.000    
   2.88687420      0.2193       0.000       0.000    
   2.80127621      3.5635E-02   0.000       0.000    
   2.71567822       1.258       0.000       0.000    
   2.63008022     -0.5823       0.000       0.000    
   2.54448223     -9.3755E-02   0.000       0.000    
   2.45888424     -0.2656       0.000       0.000    
   2.37328625      0.3332       0.000       0.000    
   2.28768826      0.4003       0.000       0.000    
   2.20209026      0.5844       0.000       0.000    
   2.11649227      9.9410E-02   0.000       0.000    
   2.03089428      0.2420       0.000       0.000    
   1.94529629      7.6169E-02   0.000       0.000    
   1.85969830      0.8749       0.000       0.000    
   1.77410030       1.079       0.000       0.000    
   1.68850231     -3.3310E-02   0.000       0.000    
   1.60290432      0.7910       0.000       0.000    
   1.51730633      0.4193       0.000       0.000    
   1.43170834     -0.4800       0.000       0.000    
   1.34611034     -0.2988       0.000       0.000    
   1.26051235      9.8543E-02   0.000       0.000    
   1.17491436      0.2526       0.000       0.000    
   1.08931637      0.2357       0.000       0.000    
   1.00371838     -0.7012       0.000       0.000    
  0.918120384      -1.091       0.000       0.000    
  0.832522392      0.4407       0.000       0.000    
  0.746924400     -0.1348       0.000       0.000    
  0.661326408     -0.1327       0.000       0.000    
  0.575728416     -0.1083       0.000       0.000    
  0.490130424      -1.040       0.000       0.000    
  0.404532433     -0.7042       0.000       0.000    
  0.318934441      9.4458E-02   0.000       0.000    
  0.233336449     -0.3384       0.000       0.000    
  0.147738457      0.1441       0.000       0.000    
  6.214046478E-02  0.2447       0.000       0.000    
 -2.345752716E-02 -0.1189       0.000       0.000    
 -0.109055519      0.1708       0.000       0.000    
 -0.194653511      0.1152       0.000       0.000    
 -0.280251503     -0.4009       0.000       0.000    
 -0.365849495     -0.4681       0.000       0.000    
 -0.451447487     -0.1028       0.000       0.000    
 -0.537045479     -0.2864       0.000       0.000    
 -0.622643471     -4.2625E-02   0.000       0.000    
 -0.708241463     -0.2411       0.000       0.000    
 -0.793839455      4.4404E-02   0.000       0.000    
 -0.879437447     -0.1613       0.000       0.000    
 -0.965035439      0.1797       0.000       0.000    
