   15.4044113      0.4087      1.4918E-02  1.4918E-02   0.000    
   15.3233194     -2.2832E-02  1.6602E-02  1.6602E-02   0.000    
   15.2422276      4.1567E-02  1.8457E-02  1.8457E-02   0.000    
   15.1611357      1.4885E-02  2.0499E-02  2.0499E-02   0.000    
   15.0800438     -0.1784      2.2744E-02  2.2744E-02   0.000    
   14.9989519      0.9284      2.5209E-02  2.5209E-02   0.000    
   14.9178600     -0.2523      2.7914E-02  2.7914E-02   0.000    
   14.8367682     -0.5856      3.0878E-02  3.0878E-02   0.000    
   14.7556763     -0.2191      3.4123E-02  3.4123E-02   0.000    
   14.6745844      -1.134      3.7672E-02  3.7672E-02   0.000    
   14.5934925      0.5702      4.1547E-02  4.1547E-02   0.000    
   14.5124006      0.2819      4.5776E-02  4.5776E-02   0.000    
   14.4313087      0.3617      5.0384E-02  5.0384E-02   0.000    
   14.3502169      0.1309      5.5402E-02  5.5402E-02   0.000    
   14.2691250      0.5651      6.0857E-02  6.0857E-02   0.000    
   14.1880331      0.4702      6.6784E-02  6.6784E-02   0.000    
   14.1069412      0.2896      7.3214E-02  7.3214E-02   0.000    
   14.0258493     -0.6402      8.0183E-02  8.0183E-02   0.000    
   13.9447575     -7.3548E-02  8.7728E-02  8.7728E-02   0.000    
   13.8636656     -0.2725      9.5887E-02  9.5887E-02   0.000    
   13.7825737      5.8483E-02  0.1047      0.1047       0.000    
   13.7014818     -0.3189      0.1142      0.1142       0.000    
   13.6203899      0.5389      0.1245      0.1245       0.000    
   13.5392981      0.7568      0.1355      0.1355       0.000    
   13.4582062     -0.1546      0.1474      0.1474       0.000    
   13.3771143     -0.5142      0.1601      0.1601       0.000    
   13.2960224     -0.1064      0.1738      0.1738       0.000    
   13.2149305     -0.4372      0.1884      0.1884       0.000    
   13.1338387      0.2697      0.2041      0.2041       0.000    
   13.0527468     -0.6133      0.2208      0.2208       0.000    
   12.9716549     -0.5371      0.2387      0.2387       0.000    
   12.8905630     -0.1899      0.2578      0.2578       0.000    
   12.8094711     -0.7466      0.2782      0.2782       0.000    
   12.7283792     -0.5599      0.2998      0.2998       0.000    
   12.6472874      0.7584      0.3228      0.3228       0.000    
   12.5661955      0.2113      0.3473      0.3473       0.000    
   12.4851036      0.4481      0.3732      0.3732       0.000    
   12.4040117      9.0354E-03  0.4006      0.4006       0.000    
   12.3229198     -0.3602      0.4296      0.4296       0.000    
   12.2418280     -0.2720      0.4603      0.4603       0.000    
   12.1607361      0.1200      0.4926      0.4926       0.000    
   12.0796442      0.2820      0.5267      0.5267       0.000    
   11.9985523      0.1223      0.5626      0.5626       0.000    
   11.9174604      0.9399      0.6004      0.6004       0.000    
   11.8363686      0.9454      0.6400      0.6400       0.000    
   11.7552767      6.9527E-02  0.6816      0.6816       0.000    
   11.6741848     -0.1770      0.7252      0.7252       0.000    
   11.5930929       1.155      0.7707      0.7707       0.000    
   11.5120010      0.2404      0.8183      0.8183       0.000    
   11.4309092       1.985      0.8680      0.8680       0.000    
   11.3498173       1.456      0.9198      0.9198       0.000    
   11.2687254      0.8437      0.9737      0.9737       0.000    
   11.1876335       1.644       1.030       1.030       0.000    
   11.1065416      0.7380       1.088       1.088      1.3055E-06
   11.0254498      0.9029       1.148       1.148      2.0054E-06
   10.9443579       1.667       1.211       1.211      3.0622E-06
   10.8632660       1.398       1.275       1.275      4.6483E-06
   10.7821741       1.726       1.342       1.342      7.0143E-06
   10.7010822       1.065       1.410       1.410      1.0522E-05
   10.6199903       1.099       1.481       1.481      1.5690E-05
   10.5388985       2.319       1.554       1.554      2.3259E-05
   10.4578066       1.860       1.629       1.629      3.4276E-05
   10.3767147       1.662       1.705       1.705      5.0211E-05
   10.2956228       2.918       1.784       1.784      7.3121E-05
   10.2145309       1.444       1.864       1.864      1.0585E-04
   10.1334391       2.344       1.946       1.946      1.5234E-04
   10.0523472       1.631       2.029       2.029      2.1793E-04
   9.97125530       2.149       2.114       2.114      3.0993E-04
   9.89016342       2.251       2.200       2.200      4.3816E-04
   9.80907154       2.397       2.288       2.287      6.1578E-04
   9.72797966       2.700       2.377       2.376      8.6029E-04
   9.64688778       2.493       2.466       2.465      1.1948E-03
   9.56579590       1.904       2.557       2.555      1.6495E-03
   9.48470402       2.976       2.648       2.646      2.2639E-03
   9.40361214       2.518       2.741       2.738      3.0887E-03
   9.32252026       2.522       2.833       2.829      4.1892E-03
   9.24142838       2.180       2.927       2.921      5.6481E-03
   9.16033649       4.233       3.021       3.013      7.5701E-03
   9.07924461       2.879       3.115       3.105      1.0086E-02
   8.99815273       2.451       3.209       3.196      1.3359E-02
   8.91706085       2.667       3.304       3.286      1.7589E-02
   8.83596897       3.778       3.399       3.376      2.3022E-02
   8.75487709       4.403       3.495       3.465      2.9956E-02
   8.67378521       3.503       3.591       3.552      3.8746E-02
   8.59269333       3.915       3.688       3.639      4.9821E-02
   8.51160145       4.286       3.787       3.723      6.3681E-02
   8.43050957       4.316       3.887       3.806      8.0917E-02
   8.34941769       4.700       3.988       3.886      0.1022    
   8.26832581       3.086       4.093       3.965      0.1283    
   8.18723392       4.620       4.201       4.040      0.1602    
   8.10614204       5.094       4.312       4.114      0.1988    
   8.02505016       5.201       4.429       4.184      0.2452    
   7.94395828       5.655       4.552       4.251      0.3007    
   7.86286640       4.565       4.682       4.315      0.3666    
   7.78177452       5.148       4.820       4.376      0.4442    
   7.70068264       4.104       4.968       4.433      0.5351    
   7.61959076       5.760       5.127       4.486      0.6408    
   7.53849888       5.805       5.299       4.536      0.7629    
   7.45740700       5.916       5.484       4.581      0.9028    
   7.37631512       6.294       5.685       4.622       1.062    
   7.29522324       5.676       5.901       4.659       1.242    
   7.21413136       6.001       6.136       4.692       1.444    
   7.13303947       6.049       6.389       4.720       1.669    
   7.05194759       5.489       6.661       4.743       1.917    
   6.97085571       5.624       6.952       4.762       2.190    
   6.88976383       5.950       7.262       4.776       2.486    
   6.80867195       6.618       7.591       4.786       2.805    
   6.72758007       6.097       7.938       4.790       3.148    
   6.64648819       7.158       8.301       4.790       3.510    
   6.56539631       7.364       8.677       4.785       3.892    
   6.48430443       7.846       9.065       4.776       4.290    
   6.40321255       8.335       9.461       4.761       4.700    
   6.32212067       9.179       9.861       4.742       5.119    
   6.24102879       11.25       10.26       4.718       5.543    
   6.15993690       11.41       10.66       4.690       5.966    
   6.07884502       11.87       11.04       4.657       6.383    
   5.99775314       13.16       11.41       4.620       6.789    
   5.91666126       12.73       11.76       4.578       7.179    
   5.83556938       14.32       12.08       4.532       7.546    
   5.75447750       14.11       12.37       4.483       7.885    
   5.67338562       14.09       12.62       4.429       8.190    
   5.59229374       15.06       12.83       4.372       8.457    
   5.51120186       13.70       12.99       4.311       8.681    
   5.43010998       12.88       13.10       4.246       8.858    
   5.34901810       12.12       13.16       4.179       8.985    
   5.26792622       12.88       13.17       4.108       9.061    
   5.18683434       12.60       13.12       4.035       9.083    
   5.10574245       11.71       13.01       3.959       9.051    
   5.02465057       12.10       12.85       3.880       8.966    
   4.94355869       11.72       12.63       3.800       8.829    
   4.86246681       10.87       12.36       3.717       8.643    
   4.78137493       10.99       12.04       3.632       8.411    
   4.70028305       11.62       11.68       3.546       8.137    
   4.61919117       10.91       11.28       3.458       7.825    
   4.53809929       11.42       10.85       3.369       7.481    
   4.45700741       8.576       10.39       3.280       7.110    
   4.37591553       8.948       9.906       3.189       6.717    
   4.29482365       9.495       9.406       3.098       6.308    
   4.21373177       8.545       8.895       3.006       5.889    
   4.13263988       9.034       8.380       2.914       5.466    
   4.05154800       7.959       7.865       2.822       5.043    
   3.97045612       8.579       7.355       2.731       4.625    
   3.88936424       7.287       6.856       2.639       4.216    
   3.80827236       6.772       6.370       2.549       3.822    
   3.72718048       6.529       5.901       2.458       3.443    
   3.64608860       6.268       5.453       2.369       3.084    
   3.56499672       6.070       5.026       2.281       2.746    
   3.48390484       4.542       4.624       2.193       2.430    
   3.40281296       4.346       4.246       2.107       2.138    
   3.32172108       4.182       3.893       2.023       1.870    
   3.24062920       4.117       3.566       1.939       1.626    
   3.15953732       3.856       3.263       1.858       1.406    
   3.07844543       3.113       2.985       1.778       1.208    
   2.99735355       3.644       2.731       1.699       1.032    
   2.91626167       3.188       2.499       1.623      0.8760    
   2.83516979       2.654       2.288       1.548      0.7394    
   2.75407791       2.265       2.096       1.476      0.6205    
   2.67298603       1.501       1.923       1.405      0.5176    
   2.59189415       1.837       1.766       1.337      0.4292    
   2.51080227       1.694       1.624       1.270      0.3538    
   2.42971039      0.6834       1.496       1.206      0.2899    
   2.34861851     -1.2384E-02   1.380       1.144      0.2362    
   2.26752663      9.1819E-02   1.275       1.083      0.1912    
   2.18643475       1.297       1.179       1.025      0.1540    
   2.10534286       1.407       1.093      0.9696      0.1232    
   2.02425098      0.7470       1.014      0.9158      9.8008E-02
   1.94315910      0.7821      0.9417      0.8642      7.7507E-02
   1.86206722      0.7951      0.8756      0.8147      6.0932E-02
   1.78097534      0.9410      0.8149      0.7672      4.7618E-02
   1.69988346      0.8996      0.7588      0.7218      3.6994E-02
   1.61879158     -4.6580E-02  0.7070      0.6784      2.8570E-02
   1.53769970      0.4213      0.6589      0.6370      2.1934E-02
   1.45660782       1.251      0.6142      0.5975      1.6740E-02
   1.37551594     -0.2711      0.5726      0.5599      1.2700E-02
   1.29442406      0.5668      0.5337      0.5241      9.5782E-03
   1.21333218      0.9719      0.4973      0.4901      7.1811E-03
   1.13224030      0.9367      0.4633      0.4579      5.3521E-03
   1.05114841      3.2200E-02  0.4313      0.4274      3.9654E-03
  0.970056534     -0.1040      0.4014      0.3985      2.9206E-03
  0.888964653     -9.6577E-02  0.3733      0.3712      2.1384E-03
  0.807872772       1.273      0.3469      0.3454      1.5564E-03
  0.726780891     -1.7292E-02  0.3222      0.3211      1.1261E-03
  0.645689011      0.9178      0.2990      0.2982      8.0996E-04
  0.564597130     -0.3511      0.2772      0.2766      5.7913E-04
  0.483505249      0.5278      0.2568      0.2564      4.1164E-04
  0.402413368       1.022      0.2377      0.2374      2.9086E-04
  0.321321487      0.2344      0.2198      0.2196      2.0430E-04
  0.240229607     -0.6121      0.2030      0.2029      1.4265E-04
  0.159137726     -0.6208      0.1874      0.1873      9.9020E-05
  7.804584503E-02 -0.6714      0.1728      0.1727      6.8326E-05
 -3.046035767E-03  0.1382      0.1592      0.1591      4.6869E-05
 -8.413791656E-02  0.4810      0.1465      0.1464      3.1959E-05
 -0.165229797     -0.4694      0.1347      0.1346      2.1664E-05
 -0.246321678      0.3234      0.1237      0.1237      1.4599E-05
 -0.327413559      0.5842      0.1135      0.1135      9.7792E-06
 -0.408505440     -0.7460      0.1040      0.1040      6.5122E-06
 -0.489597321     -0.2773      9.5258E-02  9.5254E-02  4.3109E-06
 -0.570689201     -9.8530E-02  8.7145E-02  8.7142E-02  2.8369E-06
 -0.651781082     -0.3887      7.9644E-02  7.9642E-02  1.8558E-06
 -0.732872963     -0.3322      7.2715E-02  7.2714E-02  1.2069E-06
 -0.813964844      6.7175E-04  6.6323E-02  6.6323E-02   0.000    
 -0.895056725     -0.1532      6.0433E-02  6.0433E-02   0.000    
 -0.976148605     -0.7283      5.5011E-02  5.5011E-02   0.000    
  -1.05724049      0.1910      5.0025E-02  5.0025E-02   0.000    
  -1.13833237      0.8516      4.5446E-02  4.5446E-02   0.000    
  -1.21942425      0.4614      4.1245E-02  4.1245E-02   0.000    
  -1.30051613      0.1791      3.7395E-02  3.7395E-02   0.000    
  -1.38160801      0.1138      3.3870E-02  3.3870E-02   0.000    
  -1.46269989      0.1353      3.0647E-02  3.0647E-02   0.000    
  -1.54379177      0.5407      2.7703E-02  2.7703E-02   0.000    
  -1.62488365      0.1600      2.5017E-02  2.5017E-02   0.000    
  -1.70597553      0.5102      2.2568E-02  2.2568E-02   0.000    
  -1.78706741      0.5996      2.0339E-02  2.0339E-02   0.000    
  -1.86815929     -0.2027      1.8312E-02  1.8312E-02   0.000    
  -1.94925117     -0.3238      1.6470E-02  1.6470E-02   0.000    
  -2.03034306     -0.8158      1.4799E-02  1.4799E-02   0.000    
  -2.11143494      0.2774      1.3284E-02  1.3284E-02   0.000    
  -2.19252682     -0.4742      1.1912E-02  1.1912E-02   0.000    
  -2.27361870     -0.9146      1.0671E-02  1.0671E-02   0.000    
  -2.35471058     -0.3513      9.5503E-03  9.5503E-03   0.000    
  -2.43580246      0.2602      8.5384E-03  8.5384E-03   0.000    
  -2.51689434      0.3824      7.6261E-03  7.6261E-03   0.000    
  -2.59798622      0.9674      6.8045E-03  6.8045E-03   0.000    
  -2.67907810     -0.1814      6.0654E-03  6.0654E-03   0.000    
  -2.76016998     -0.1890      5.4011E-03  5.4011E-03   0.000    
  -2.84126186     -0.1763      4.8048E-03  4.8048E-03   0.000    
  -2.92235374      0.2602      4.2700E-03  4.2700E-03   0.000    
  -3.00344563     -7.8027E-02  3.7910E-03  3.7910E-03   0.000    
  -3.08453751     -0.1818      3.3623E-03  3.3623E-03   0.000    
  -3.16562939     -6.9335E-02  2.9792E-03  2.9792E-03   0.000    
  -3.24672127      0.4677      2.6370E-03  2.6370E-03   0.000    
  -3.32781315     -0.2416      2.3319E-03  2.3319E-03   0.000    
  -3.40890503      0.8489      2.0599E-03  2.0599E-03   0.000    
  -3.48999691      3.9228E-02  1.8179E-03  1.8179E-03   0.000    
  -3.57108879      0.2452      1.6027E-03  1.6027E-03   0.000    
  -3.65218067      2.9719E-02  1.4116E-03  1.4116E-03   0.000    
  -3.73327255      0.2604      1.2420E-03  1.2420E-03   0.000    
  -3.81436443      0.4158      1.0917E-03  1.0917E-03   0.000    
  -3.89545631      0.8507      9.5863E-04  9.5863E-04   0.000    
  -3.97654819      0.5322      8.4093E-04  8.4093E-04   0.000    
  -4.05764008     -6.7552E-02  7.3695E-04  7.3695E-04   0.000    
  -4.13873196     -0.4493      6.4519E-04  6.4519E-04   0.000    
  -4.21982384     -0.1388      5.6428E-04  5.6428E-04   0.000    
  -4.30091572     -0.3516      4.9303E-04  4.9303E-04   0.000    
  -4.38200760     -0.4659      4.3034E-04  4.3034E-04   0.000    
  -4.46309948     -0.6247      3.7525E-04  3.7525E-04   0.000    
  -4.54419136     -0.7618      3.2689E-04  3.2689E-04   0.000    
  -4.62528324     -0.3918      2.8447E-04  2.8447E-04   0.000    
