   47.6510735     -9.4843E-02   0.000       0.000    
   44.8842316      0.1837       0.000       0.000    
   42.1173897     -1.4668E-02   0.000       0.000    
   39.3505478      0.1403       0.000       0.000    
   36.5837059      0.1102       0.000       0.000    
   33.8168640     -0.1186       0.000       0.000    
   31.0500221      5.6753E-02   0.000       0.000    
   28.2831802      8.7190E-02   0.000       0.000    
   25.5163383      4.5048E-03   0.000       0.000    
   22.7494965     -3.7811E-02   0.000       0.000    
   19.9826546      7.9726E-02   0.000       0.000    
   17.2158127     -8.0043E-02   0.000       0.000    
   14.4489708      9.6271E-02  6.7537E-04  6.7537E-04
   11.6821289      0.3905      0.3921      0.3921    
   8.91528702       4.160       4.159       4.159    
   6.14844513      0.8049      0.8065      0.8065    
   3.38160324      0.1502      2.8583E-03  2.8583E-03
  0.614761353     -1.7093E-02   0.000       0.000    
  -2.15208054      1.7524E-02   0.000       0.000    
  -4.91892242      0.3492       0.000       0.000    
  -7.68576431      0.1122       0.000       0.000    
  -10.4526062     -1.5697E-02   0.000       0.000    
  -13.2194481     -4.6312E-02   0.000       0.000    
  -15.9862900     -3.5487E-02   0.000       0.000    
  -18.7531319     -9.4749E-02   0.000       0.000    
  -21.5199738     -0.1378       0.000       0.000    
  -24.2868156     -0.1823       0.000       0.000    
  -27.0536575     -0.2155       0.000       0.000    
  -29.8204994     -0.1304       0.000       0.000    
