   48.0153255      2.4907E-02   0.000       0.000    
   45.2482700      8.4774E-02   0.000       0.000    
   42.4812145      6.7603E-02   0.000       0.000    
   39.7141590      1.6653E-02   0.000       0.000    
   36.9471035     -2.3581E-02   0.000       0.000    
   34.1800480     -6.4120E-02   0.000       0.000    
   31.4129925      7.1393E-03   0.000       0.000    
   28.6459370      6.4178E-02   0.000       0.000    
   25.8788815     -2.1629E-02   0.000       0.000    
   23.1118259      1.3905E-02   0.000       0.000    
   20.3447704     -7.5340E-03   0.000       0.000    
   17.5777149     -3.6583E-02   0.000       0.000    
   14.8106594      2.3815E-02  4.9249E-07  4.9249E-07
   12.0436039     -6.4797E-03  1.2455E-02  1.2455E-02
   9.27654839       1.231       1.230       1.230    
   6.50949287      0.4743      0.4747      0.4747    
   3.74243736     -1.1278E-02  7.1560E-04  7.1560E-04
  0.975381851     -0.1424       0.000       0.000    
  -1.79167366     -0.1093       0.000       0.000    
  -4.55872917     -0.1025       0.000       0.000    
  -7.32578468      4.7558E-02   0.000       0.000    
  -10.0928402     -9.4181E-02   0.000       0.000    
  -12.8598957      7.9660E-02   0.000       0.000    
  -15.6269512     -0.1135       0.000       0.000    
  -18.3940067     -7.5528E-02   0.000       0.000    
  -21.1610622     -3.9456E-02   0.000       0.000    
  -23.9281178     -9.0872E-03   0.000       0.000    
  -26.6951733     -1.1184E-02   0.000       0.000    
  -29.4622288     -3.0406E-02   0.000       0.000    
  -32.2292843     -1.2221E-02   0.000       0.000    
