   14.4640794     -1.5969E-02   0.000       0.000    
   14.3784785      0.1900       0.000       0.000    
   14.2928777      0.1640       0.000       0.000    
   14.2072768      0.9005       0.000       0.000    
   14.1216760     -0.5334       0.000       0.000    
   14.0360751     -1.5154E-02   0.000       0.000    
   13.9504743      0.2704       0.000       0.000    
   13.8648734      0.1897       0.000       0.000    
   13.7792726      9.8582E-02   0.000       0.000    
   13.6936717     -0.2862       0.000       0.000    
   13.6080709      0.2892       0.000       0.000    
   13.5224700     -0.1486       0.000       0.000    
   13.4368691      0.7101       0.000       0.000    
   13.3512683      0.2699       0.000       0.000    
   13.2656674      -1.085       0.000       0.000    
   13.1800666     -0.5089       0.000       0.000    
   13.0944657     -0.5818       0.000       0.000    
   13.0088649      0.2180       0.000       0.000    
   12.9232640      0.4051       0.000       0.000    
   12.8376632      0.4620       0.000       0.000    
   12.7520623      0.4778       0.000       0.000    
   12.6664615      0.3790       0.000       0.000    
   12.5808606      0.4127       0.000       0.000    
   12.4952598     -0.4897       0.000       0.000    
   12.4096589      0.1830       0.000       0.000    
   12.3240581      0.1149       0.000       0.000    
   12.2384572      0.8453       0.000       0.000    
   12.1528563     -0.1636       0.000       0.000    
   12.0672555     -9.3580E-02   0.000       0.000    
   11.9816546      0.2760       0.000       0.000    
   11.8960538     -0.5139       0.000       0.000    
   11.8104529      0.5880       0.000       0.000    
   11.7248521      0.1248       0.000       0.000    
   11.6392512     -0.6359       0.000       0.000    
   11.5536504      0.4803       0.000       0.000    
   11.4680495      1.3043E-02   0.000       0.000    
   11.3824487      0.2355       0.000       0.000    
   11.2968478       1.291       0.000       0.000    
   11.2112470       1.493       0.000       0.000    
   11.1256461      0.2757       0.000       0.000    
   11.0400453     -0.3403       0.000       0.000    
   10.9544444      -1.117       0.000       0.000    
   10.8688436     -0.4765       0.000       0.000    
   10.7832427      0.2084       0.000       0.000    
   10.6976418     -0.1495       0.000       0.000    
   10.6120410      1.2956E-02   0.000       0.000    
   10.5264401     -0.1941       0.000       0.000    
   10.4408393      0.8565       0.000       0.000    
   10.3552384     -9.9926E-02   0.000       0.000    
   10.2696376      0.3225       0.000       0.000    
   10.1840367     -6.1778E-02   0.000       0.000    
   10.0984359      9.5275E-02   0.000       0.000    
   10.0128350      0.3001       0.000       0.000    
   9.92723417     -0.2106       0.000       0.000    
   9.84163332      0.5646       0.000       0.000    
   9.75603247      0.2498       0.000       0.000    
   9.67043161      0.2471       0.000       0.000    
   9.58483076      0.5995       0.000       0.000    
   9.49922991      0.3359       0.000       0.000    
   9.41362906      0.4749       0.000       0.000    
   9.32802820     -0.2205       0.000       0.000    
   9.24242735     -0.3936       0.000       0.000    
   9.15682650      -1.441       0.000       0.000    
   9.07122564      7.2768E-02   0.000       0.000    
   8.98562479       1.081       0.000       0.000    
   8.90002394     -0.2707       0.000       0.000    
   8.81442308      0.2771       0.000       0.000    
   8.72882223     -0.1903       0.000       0.000    
   8.64322138      0.5858       0.000       0.000    
   8.55762053      0.4682       0.000       0.000    
   8.47201967      0.1995       0.000       0.000    
   8.38641882     -0.1305       0.000       0.000    
   8.30081797       1.100       0.000       0.000    
   8.21521711       1.412       0.000       0.000    
   8.12961626      0.7418       0.000       0.000    
   8.04401541       1.031      4.6783E-07  4.6783E-07
   7.95841455     -0.3261      1.0042E-06  1.0042E-06
   7.87281370      0.5190      2.1146E-06  2.1146E-06
   7.78721285     -0.3303      4.3676E-06  4.3676E-06
   7.70161200      0.9596      8.8495E-06  8.8495E-06
   7.61601114      0.3483      1.7589E-05  1.7589E-05
   7.53041029     -0.1585      3.4292E-05  3.4292E-05
   7.44480944      0.2694      6.5583E-05  6.5583E-05
   7.35920858      0.1488      1.2304E-04  1.2304E-04
   7.27360773     -7.8100E-02  2.2643E-04  2.2643E-04
   7.18800688      0.1846      4.0875E-04  4.0875E-04
   7.10240602      0.9524      7.2382E-04  7.2382E-04
   7.01680517     -0.4815      1.2573E-03  1.2573E-03
   6.93120432     -0.6721      2.1425E-03  2.1425E-03
   6.84560347      0.6983      3.5811E-03  3.5811E-03
   6.76000261      0.5682      5.8717E-03  5.8717E-03
   6.67440176      0.4132      9.4439E-03  9.4439E-03
   6.58880091      0.3011      1.4900E-02  1.4900E-02
   6.50320005      0.7247      2.3060E-02  2.3060E-02
   6.41759920      0.5709      3.5009E-02  3.5009E-02
   6.33199835      0.6768      5.2137E-02  5.2137E-02
   6.24639750     -0.2530      7.6165E-02  7.6165E-02
   6.16079664      9.1109E-02  0.1091      0.1091    
   6.07519579      0.2022      0.1534      0.1534    
   5.98959494      0.5381      0.2116      0.2116    
   5.90399408      0.8017      0.2862      0.2862    
   5.81839323      0.4722      0.3797      0.3797    
   5.73279238      0.8167      0.4942      0.4942    
   5.64719152      0.8607      0.6310      0.6310    
   5.56159067       1.452      0.7903      0.7903    
   5.47598982      0.6678      0.9709      0.9709    
   5.39038897      0.5014       1.170       1.170    
   5.30478811      0.7564       1.383       1.383    
   5.21918726       1.770       1.604       1.604    
   5.13358641       1.427       1.825       1.825    
   5.04798555       1.252       2.036       2.036    
   4.96238470       2.817       2.229       2.229    
   4.87678385       2.472       2.393       2.393    
   4.79118299       3.074       2.521       2.521    
   4.70558214       3.536       2.604       2.604    
   4.61998129       2.435       2.639       2.639    
   4.53438044       1.945       2.624       2.624    
   4.44877958       2.881       2.559       2.559    
   4.36317873       2.161       2.448       2.448    
   4.27757788       1.635       2.298       2.298    
   4.19197702       2.172       2.115       2.115    
   4.10637617       2.002       1.910       1.910    
   4.02077532       1.905       1.692       1.692    
   3.93517447       1.752       1.470       1.470    
   3.84957361       1.205       1.253       1.253    
   3.76397276       1.678       1.048       1.048    
   3.67837191       1.280      0.8592      0.8592    
   3.59277105      0.5248      0.6912      0.6912    
   3.50717020     -0.2193      0.5455      0.5455    
   3.42156935      0.4867      0.4223      0.4223    
   3.33596849      0.2267      0.3207      0.3207    
   3.25036764     -7.2000E-03  0.2389      0.2389    
   3.16476679     -0.6615      0.1746      0.1746    
   3.07916594     -0.2395      0.1252      0.1252    
   2.99356508      0.7757      8.8000E-02  8.8000E-02
   2.90796423     -0.4913      6.0698E-02  6.0698E-02
   2.82236338     -0.5140      4.1069E-02  4.1069E-02
   2.73676252     -9.4931E-02  2.7258E-02  2.7258E-02
   2.65116167      0.5178      1.7747E-02  1.7747E-02
   2.56556082      0.4336      1.1334E-02  1.1334E-02
   2.47995996      0.3697      7.1006E-03  7.1006E-03
   2.39435911     -0.3047      4.3637E-03  4.3637E-03
   2.30875826     -0.2208      2.6306E-03  2.6306E-03
   2.22315741     -3.9699E-02  1.5556E-03  1.5556E-03
   2.13755655     -0.5381      9.0235E-04  9.0235E-04
   2.05195570     -0.1204      5.1345E-04  5.1345E-04
   1.96635485     -8.5502E-02  2.8660E-04  2.8660E-04
   1.88075399      0.2140      1.5692E-04  1.5692E-04
   1.79515314      0.9643      8.4283E-05  8.4283E-05
   1.70955229      0.3353      4.4406E-05  4.4406E-05
   1.62395144      5.0568E-02  2.2950E-05  2.2950E-05
   1.53835058     -2.7094E-02  1.1635E-05  1.1635E-05
   1.45274973      -1.287      5.7863E-06  5.7863E-06
   1.36714888     -0.9047      2.8227E-06  2.8227E-06
   1.28154802     -0.2837      1.3508E-06  1.3508E-06
   1.19594717     -0.3790      6.3409E-07  6.3409E-07
   1.11034632     -0.7505       0.000       0.000    
   1.02474546     -0.1864       0.000       0.000    
  0.939144611     -0.4041       0.000       0.000    
  0.853543758     -0.4850       0.000       0.000    
  0.767942905      0.5638       0.000       0.000    
  0.682342052     -0.4589       0.000       0.000    
  0.596741199     -0.2181       0.000       0.000    
  0.511140347     -0.8916       0.000       0.000    
  0.425539494      0.1878       0.000       0.000    
  0.339938641      0.7079       0.000       0.000    
  0.254337788      0.5047       0.000       0.000    
  0.168736935      0.9721       0.000       0.000    
  8.313608170E-02  0.3927       0.000       0.000    
 -2.464771271E-03  0.3093       0.000       0.000    
 -8.806562424E-02 -0.3433       0.000       0.000    
 -0.173666477      0.9241       0.000       0.000    
 -0.259267330      0.7510       0.000       0.000    
 -0.344868183     -0.4441       0.000       0.000    
 -0.430469036     -9.7133E-02   0.000       0.000    
 -0.516069889      0.6123       0.000       0.000    
 -0.601670742      0.5543       0.000       0.000    
 -0.687271595      0.6670       0.000       0.000    
 -0.772872448     -0.9560       0.000       0.000    
 -0.858473301     -0.3077       0.000       0.000    
 -0.944074154     -0.8002       0.000       0.000    
  -1.02967501     -0.3916       0.000       0.000    
  -1.11527586      0.4896       0.000       0.000    
  -1.20087671      0.1928       0.000       0.000    
  -1.28647757     -4.8878E-02   0.000       0.000    
  -1.37207842     -0.1039       0.000       0.000    
  -1.45767927      0.7284       0.000       0.000    
  -1.54328012      0.3486       0.000       0.000    
  -1.62888098     -0.7932       0.000       0.000    
  -1.71448183     -6.4410E-02   0.000       0.000    
  -1.80008268     -0.2345       0.000       0.000    
  -1.88568354      0.5998       0.000       0.000    
  -1.97128439      0.7063       0.000       0.000    
  -2.05688524      0.3403       0.000       0.000    
  -2.14248610      0.2675       0.000       0.000    
  -2.22808695     -0.1105       0.000       0.000    
  -2.31368780     -0.5942       0.000       0.000    
  -2.39928865     -0.4932       0.000       0.000    
  -2.48488951     -0.4382       0.000       0.000    
  -2.57049036     -7.9198E-03   0.000       0.000    
  -2.65609121     -0.3677       0.000       0.000    
  -2.74169207      1.8576E-02   0.000       0.000    
  -2.82729292     -7.0579E-02   0.000       0.000    
  -2.91289377     -0.4887       0.000       0.000    
  -2.99849463     -0.7766       0.000       0.000    
  -3.08409548      0.2717       0.000       0.000    
  -3.16969633     -0.4038       0.000       0.000    
  -3.25529718      0.1987       0.000       0.000    
  -3.34089804      -1.159       0.000       0.000    
  -3.42649889     -9.8284E-02   0.000       0.000    
  -3.51209974      -1.121       0.000       0.000    
  -3.59770060     -0.5055       0.000       0.000    
  -3.68330145     -0.2209       0.000       0.000    
  -3.76890230      -1.232       0.000       0.000    
  -3.85450315     -0.3796       0.000       0.000    
  -3.94010401     -0.6011       0.000       0.000    
  -4.02570486     -0.9765       0.000       0.000    
  -4.11130571      7.5152E-02   0.000       0.000    
  -4.19690657      0.2859       0.000       0.000    
  -4.28250742       1.022       0.000       0.000    
  -4.36810827      0.3042       0.000       0.000    
  -4.45370913      0.1936       0.000       0.000    
  -4.53930998     -0.2971       0.000       0.000    
  -4.62491083      0.2226       0.000       0.000    
  -4.71051168      0.2638       0.000       0.000    
  -4.79611254     -0.4955       0.000       0.000    
  -4.88171339     -0.2973       0.000       0.000    
  -4.96731424     -0.5492       0.000       0.000    
  -5.05291510     -0.4459       0.000       0.000    
  -5.13851595     -0.4557       0.000       0.000    
  -5.22411680     -0.1597       0.000       0.000    
  -5.30971766     -0.3489       0.000       0.000    
  -5.39531851      0.4703       0.000       0.000    
  -5.48091936       1.152       0.000       0.000    
