   18.0833502      0.1689       0.000       0.000       0.000    
   17.9977503     -0.1532       0.000       0.000       0.000    
   17.9121504      0.1406       0.000       0.000       0.000    
   17.8265505     -0.3287       0.000       0.000       0.000    
   17.7409506     -0.6153       0.000       0.000       0.000    
   17.6553507      0.3976       0.000       0.000       0.000    
   17.5697508      0.4460       0.000       0.000       0.000    
   17.4841509     -0.7648       0.000       0.000       0.000    
   17.3985510     -8.4027E-02   0.000       0.000       0.000    
   17.3129511     -0.4759       0.000       0.000       0.000    
   17.2273512     -0.1412       0.000       0.000       0.000    
   17.1417513     -0.2185       0.000       0.000       0.000    
   17.0561514     -5.0074E-02   0.000       0.000       0.000    
   16.9705515      0.3332       0.000       0.000       0.000    
   16.8849516     -6.8666E-02   0.000       0.000       0.000    
   16.7993517      0.1625       0.000       0.000       0.000    
   16.7137518      6.7179E-02   0.000       0.000       0.000    
   16.6281519     -0.2069       0.000       0.000       0.000    
   16.5425520     -0.6764       0.000       0.000       0.000    
   16.4569521      9.9822E-02   0.000       0.000       0.000    
   16.3713522      2.7065E-02   0.000       0.000       0.000    
   16.2857523      0.1389       0.000       0.000       0.000    
   16.2001524      0.2460       0.000       0.000       0.000    
   16.1145525      0.1885       0.000       0.000       0.000    
   16.0289526     -0.1492       0.000       0.000       0.000    
   15.9433527      2.9296E-02   0.000       0.000       0.000    
   15.8577528      0.1148       0.000       0.000       0.000    
   15.7721529     -0.2073       0.000       0.000       0.000    
   15.6865530     -0.2422       0.000       0.000       0.000    
   15.6009531     -0.4386       0.000       0.000       0.000    
   15.5153532      0.4239       0.000       0.000       0.000    
   15.4297533       1.017       0.000       0.000       0.000    
   15.3441534      0.3150       0.000       0.000       0.000    
   15.2585535      0.8447       0.000       0.000       0.000    
   15.1729536      0.4705       0.000       0.000       0.000    
   15.0873537     -0.3980       0.000       0.000       0.000    
   15.0017538     -0.4792       0.000       0.000       0.000    
   14.9161539     -4.4196E-02   0.000       0.000       0.000    
   14.8305540     -0.1737       0.000       0.000       0.000    
   14.7449541     -0.1056       0.000       0.000       0.000    
   14.6593542      0.5453       0.000       0.000       0.000    
   14.5737543     -0.2076       0.000       0.000       0.000    
   14.4881544      0.5261       0.000       0.000       0.000    
   14.4025545      0.2521       0.000       0.000       0.000    
   14.3169546      0.2083       0.000       0.000       0.000    
   14.2313547     -0.3529       0.000       0.000       0.000    
   14.1457548      6.5257E-02   0.000       0.000       0.000    
   14.0601549      0.7607       0.000       0.000       0.000    
   13.9745550      0.2085      5.6773E-06  5.6773E-06   0.000    
   13.8889551      0.7137      8.2138E-06  8.2138E-06   0.000    
   13.8033552      0.1860      1.1832E-05  1.1832E-05   0.000    
   13.7177553      0.2492      1.6969E-05  1.6969E-05   0.000    
   13.6321554      3.2005E-02  2.4232E-05  2.4232E-05   0.000    
   13.5465555     -0.2279      3.4452E-05  3.4452E-05   0.000    
   13.4609556     -1.5841E-02  4.8769E-05  4.8769E-05   0.000    
   13.3753557      8.5500E-02  6.8735E-05  6.8735E-05   0.000    
   13.2897558      0.2268      9.6455E-05  9.6455E-05   0.000    
   13.2041559      5.7704E-02  1.3477E-04  1.3477E-04   0.000    
   13.1185560      0.5856      1.8747E-04  1.8747E-04   0.000    
   13.0329561     -0.2991      2.5966E-04  2.5966E-04   0.000    
   12.9473562     -2.8825E-02  3.5807E-04  3.5807E-04   0.000    
   12.8617563      0.5998      4.9164E-04  4.9164E-04   0.000    
   12.7761564      0.6839      6.7209E-04  6.7209E-04   0.000    
   12.6905565      0.4849      9.1478E-04  9.1478E-04   0.000    
   12.6049566      0.1822      1.2397E-03  1.2397E-03   0.000    
   12.5193567     -8.1637E-02  1.6727E-03  1.6727E-03   0.000    
   12.4337568      0.9557      2.2471E-03  2.2471E-03   0.000    
   12.3481569      2.3175E-02  3.0057E-03  3.0057E-03   0.000    
   12.2625570     -0.1804      4.0028E-03  4.0028E-03   0.000    
   12.1769571     -9.4655E-02  5.3075E-03  5.3075E-03   0.000    
   12.0913572      0.4922      7.0068E-03  7.0068E-03   0.000    
   12.0057573      0.4011      9.2100E-03  9.2100E-03   0.000    
   11.9201574      0.4559      1.2053E-02  1.2053E-02   0.000    
   11.8345575      0.7037      1.5706E-02  1.5706E-02   0.000    
   11.7489576      0.3486      2.0376E-02  2.0376E-02   0.000    
   11.6633577      2.8981E-02  2.6320E-02  2.6320E-02   0.000    
   11.5777578      8.7867E-02  3.3850E-02  3.3850E-02   0.000    
   11.4921579      0.7035      4.3345E-02  4.3345E-02   0.000    
   11.4065580      0.7244      5.5261E-02  5.5261E-02   0.000    
   11.3209581      0.5866      7.0147E-02  7.0147E-02   0.000    
   11.2353582      0.3713      8.8656E-02  8.8656E-02   0.000    
   11.1497583       1.095      0.1116      0.1116       0.000    
   11.0641584       1.389      0.1398      0.1398       0.000    
   10.9785585       1.183      0.1744      0.1744       0.000    
   10.8929586       1.863      0.2166      0.2166       0.000    
   10.8073587       2.466      0.2678      0.2678       0.000    
   10.7217588       2.517      0.3297      0.3297       0.000    
   10.6361589       2.433      0.4042      0.4042       0.000    
   10.5505590       2.226      0.4933      0.4933       0.000    
   10.4649591       2.196      0.5995      0.5995       0.000    
   10.3793592       2.634      0.7253      0.7253      5.9169E-06
   10.2937593       2.653      0.8738      0.8738      1.3970E-05
   10.2081594       3.959       1.048       1.048      3.2175E-05
   10.1225595       3.264       1.252       1.252      7.2290E-05
   10.0369596       3.049       1.488       1.488      1.5844E-04
   9.95135975       3.001       1.762       1.762      3.3876E-04
   9.86575985       3.474       2.077       2.076      7.0656E-04
   9.78015995       4.778       2.438       2.437      1.4376E-03
   9.69456005       4.766       2.850       2.847      2.8534E-03
   9.60896015       5.395       3.318       3.313      5.5248E-03
   9.52336025       5.196       3.847       3.837      1.0435E-02
   9.43776035       5.822       4.444       4.425      1.9228E-02
   9.35216045       5.964       5.116       5.081      3.4560E-02
   9.26656055       6.706       5.869       5.809      6.0599E-02
   9.18096066       6.925       6.716       6.612      0.1037    
   9.09536076       8.441       7.667       7.494      0.1730    
   9.00976086       8.536       8.737       8.456      0.2815    
   8.92416096       8.137       9.947       9.500      0.4470    
   8.83856106       9.859       11.32       10.63      0.6924    
   8.75296116       11.92       12.88       11.84       1.046    
   8.66736126       12.67       14.67       13.12       1.542    
   8.58176136       14.94       16.71       14.49       2.218    
   8.49616146       17.70       19.04       15.93       3.111    
   8.41056156       20.26       21.69       17.43       4.257    
   8.32496166       23.70       24.68       19.00       5.683    
   8.23936176       27.40       28.01       20.61       7.400    
   8.15376186       31.09       31.67       22.27       9.401    
   8.06816196       35.90       35.60       23.95       11.65    
   7.98256207       40.48       39.73       25.64       14.08    
   7.89696217       45.47       43.95       27.34       16.61    
   7.81136227       48.83       48.13       29.03       19.10    
   7.72576237       52.93       52.12       30.68       21.44    
   7.64016247       56.43       55.76       32.29       23.47    
   7.55456257       60.02       58.89       33.83       25.07    
   7.46896267       61.87       61.40       35.29       26.11    
   7.38336277       62.85       63.19       36.66       26.54    
   7.29776287       62.58       64.22       37.91       26.31    
   7.21216297       63.14       64.48       39.03       25.44    
   7.12656307       62.58       64.02       40.02       24.00    
   7.04096317       62.33       62.94       40.84       22.09    
   6.95536327       61.17       61.34       41.51       19.83    
   6.86976337       59.70       59.37       42.00       17.37    
   6.78416348       57.84       57.15       42.32       14.84    
   6.69856358       55.91       54.81       42.45       12.37    
   6.61296368       53.06       52.45       42.39       10.06    
   6.52736378       50.91       50.13       42.15       7.975    
   6.44176388       48.33       47.90       41.73       6.170    
   6.35616398       45.14       45.79       41.14       4.657    
   6.27056408       43.23       43.80       40.37       3.429    
   6.18496418       42.66       41.91       39.45       2.463    
   6.09936428       40.16       40.11       38.38       1.725    
   6.01376438       38.84       38.36       37.18       1.179    
   5.92816448       38.10       36.65       35.86      0.7863    
   5.84256458       36.47       34.95       34.44      0.5114    
   5.75696468       33.77       33.25       32.92      0.3245    
   5.67136478       31.42       31.54       31.34      0.2009    
   5.58576488       29.58       29.83       29.71      0.1213    
   5.50016499       27.27       28.10       28.03      7.1434E-02
   5.41456509       25.04       26.38       26.34      4.1046E-02
   5.32896519       23.97       24.66       24.64      2.3007E-02
   5.24336529       22.34       22.96       22.95      1.2580E-02
   5.15776539       21.23       21.29       21.28      6.7103E-03
   5.07216549       19.53       19.65       19.65      3.4917E-03
   4.98656559       16.89       18.07       18.06      1.7724E-03
   4.90096569       15.95       16.54       16.53      8.7765E-04
   4.81536579       14.29       15.07       15.07      4.2395E-04
   4.72976589       13.83       13.67       13.67      1.9977E-04
   4.64416599       11.95       12.35       12.35      9.1831E-05
   4.55856609       11.11       11.11       11.11      4.1179E-05
   4.47296619       10.03       9.950       9.950      1.8013E-05
   4.38736629       9.257       8.872       8.872      7.6869E-06
   4.30176640       7.609       7.876       7.876      3.1999E-06
   4.21616650       6.534       6.962       6.962       0.000    
   4.13056660       6.402       6.127       6.127       0.000    
   4.04496670       5.139       5.369       5.369       0.000    
   3.95936680       4.806       4.684       4.684       0.000    
   3.87376690       4.591       4.069       4.069       0.000    
   3.78816700       3.855       3.519       3.519       0.000    
   3.70256710       3.473       3.030       3.030       0.000    
   3.61696720       2.405       2.598       2.598       0.000    
   3.53136730       2.926       2.218       2.218       0.000    
   3.44576740       2.247       1.885       1.885       0.000    
   3.36016750       2.637       1.595       1.595       0.000    
   3.27456760       2.009       1.344       1.344       0.000    
   3.18896770       1.897       1.127       1.127       0.000    
   3.10336781       1.606      0.9416      0.9416       0.000    
   3.01776791       1.771      0.7830      0.7830       0.000    
   2.93216801      0.9658      0.6483      0.6483       0.000    
   2.84656811      0.6726      0.5344      0.5344       0.000    
   2.76096821      0.8079      0.4386      0.4386       0.000    
   2.67536831      0.7468      0.3585      0.3585       0.000    
   2.58976841      0.7028      0.2917      0.2917       0.000    
   2.50416851       1.094      0.2363      0.2363       0.000    
   2.41856861      0.8457      0.1906      0.1906       0.000    
   2.33296871      0.6570      0.1530      0.1530       0.000    
   2.24736881      5.0750E-02  0.1224      0.1224       0.000    
   2.16176891      0.9227      9.7422E-02  9.7422E-02   0.000    
   2.07616901       1.625      7.7221E-02  7.7221E-02   0.000    
   1.99056911      0.1825      6.0942E-02  6.0942E-02   0.000    
   1.90496922     -1.4849E-02  4.7885E-02  4.7885E-02   0.000    
   1.81936932      0.2596      3.7463E-02  3.7463E-02   0.000    
   1.73376942     -0.1780      2.9181E-02  2.9181E-02   0.000    
   1.64816952     -0.7295      2.2631E-02  2.2631E-02   0.000    
   1.56256962     -0.4180      1.7475E-02  1.7475E-02   0.000    
   1.47696972     -0.3352      1.3435E-02  1.3435E-02   0.000    
   1.39136982      0.2736      1.0284E-02  1.0284E-02   0.000    
   1.30576992      0.1031      7.8379E-03  7.8379E-03   0.000    
   1.22017002      0.1409      5.9475E-03  5.9475E-03   0.000    
   1.13457012     -0.2051      4.4935E-03  4.4935E-03   0.000    
   1.04897022      0.1192      3.3801E-03  3.3801E-03   0.000    
  0.963370323      0.4155      2.5316E-03  2.5316E-03   0.000    
  0.877770424      0.3551      1.8878E-03  1.8878E-03   0.000    
  0.792170525      9.1634E-02  1.4016E-03  1.4016E-03   0.000    
  0.706570625     -0.2524      1.0361E-03  1.0361E-03   0.000    
  0.620970726     -0.2774      7.6258E-04  7.6258E-04   0.000    
  0.535370827     -0.5740      5.5883E-04  5.5883E-04   0.000    
  0.449770927     -0.3850      4.0773E-04  4.0773E-04   0.000    
  0.364171028     -0.3252      2.9619E-04  2.9619E-04   0.000    
  0.278571129      0.2365      2.1423E-04  2.1423E-04   0.000    
  0.192971230      0.7404      1.5428E-04  1.5428E-04   0.000    
  0.107371330      5.9932E-02  1.1062E-04  1.1062E-04   0.000    
  2.177143097E-02 -0.3941      7.8967E-05  7.8967E-05   0.000    
 -6.382846832E-02  0.8603      5.6128E-05  5.6128E-05   0.000    
 -0.149428368      0.5670      3.9721E-05  3.9721E-05   0.000    
 -0.235028267     -5.8796E-02  2.7988E-05  2.7988E-05   0.000    
 -0.320628166     -0.3612      1.9635E-05  1.9635E-05   0.000    
 -0.406228065     -0.4565      1.3714E-05  1.3714E-05   0.000    
 -0.491827965      0.1927      9.5377E-06  9.5377E-06   0.000    
 -0.577427864     -0.5156      6.6042E-06  6.6042E-06   0.000    
 -0.663027763      0.1581       0.000       0.000       0.000    
 -0.748627663      0.5591       0.000       0.000       0.000    
 -0.834227562      0.4153       0.000       0.000       0.000    
 -0.919827461      1.3926E-02   0.000       0.000       0.000    
  -1.00542736      0.3408       0.000       0.000       0.000    
  -1.09102726      0.1211       0.000       0.000       0.000    
  -1.17662716     -0.1792       0.000       0.000       0.000    
  -1.26222706      0.5484       0.000       0.000       0.000    
  -1.34782696     -0.4395       0.000       0.000       0.000    
  -1.43342686     -0.6995       0.000       0.000       0.000    
  -1.51902676     -0.7488       0.000       0.000       0.000    
  -1.60462666     -9.6376E-02   0.000       0.000       0.000    
  -1.69022655     -4.5417E-02   0.000       0.000       0.000    
  -1.77582645      0.2293       0.000       0.000       0.000    
  -1.86142635      0.2892       0.000       0.000       0.000    
