   18.5222702     -0.1521       0.000       0.000    
   18.4411697      0.7858       0.000       0.000    
   18.3600693     -0.7296       0.000       0.000    
   18.2789688     -0.1022       0.000       0.000    
   18.1978683      0.6820       0.000       0.000    
   18.1167679      0.5536       0.000       0.000    
   18.0356674     -0.1108       0.000       0.000    
   17.9545670     -0.2067       0.000       0.000    
   17.8734665      0.4553       0.000       0.000    
   17.7923660      0.1647       0.000       0.000    
   17.7112656      0.3682       0.000       0.000    
   17.6301651      0.2968       0.000       0.000    
   17.5490646      9.7186E-02   0.000       0.000    
   17.4679642     -0.4770       0.000       0.000    
   17.3868637     -5.0394E-02   0.000       0.000    
   17.3057632      0.2673       0.000       0.000    
   17.2246628     -2.9101E-02   0.000       0.000    
   17.1435623     -0.5442       0.000       0.000    
   17.0624619     -0.5622       0.000       0.000    
   16.9813614      3.9253E-02   0.000       0.000    
   16.9002609      0.1262       0.000       0.000    
   16.8191605     -4.9632E-02   0.000       0.000    
   16.7380600     -8.3844E-02   0.000       0.000    
   16.6569595     -0.2378       0.000       0.000    
   16.5758591      0.1683       0.000       0.000    
   16.4947586      -1.079       0.000       0.000    
   16.4136581      0.1902       0.000       0.000    
   16.3325577      0.3882       0.000       0.000    
   16.2514572     -0.4399       0.000       0.000    
   16.1703568     -6.2462E-02   0.000       0.000    
   16.0892563     -0.7138       0.000       0.000    
   16.0081558      0.3858       0.000       0.000    
   15.9270554      9.3522E-02   0.000       0.000    
   15.8459549      0.7189       0.000       0.000    
   15.7648544      4.8091E-02   0.000       0.000    
   15.6837540      0.2129       0.000       0.000    
   15.6026535     -0.6836       0.000       0.000    
   15.5215530      0.2764       0.000       0.000    
   15.4404526      0.3766       0.000       0.000    
   15.3593521     -0.3287       0.000       0.000    
   15.2782516      0.2328       0.000       0.000    
   15.1971512      0.2083       0.000       0.000    
   15.1160507      0.6509       0.000       0.000    
   15.0349503      0.4209       0.000       0.000    
   14.9538498      0.4747       0.000       0.000    
   14.8727493     -0.3592       0.000       0.000    
   14.7916489     -0.3390       0.000       0.000    
   14.7105484      0.6423       0.000       0.000    
   14.6294479     -0.2723       0.000       0.000    
   14.5483475     -6.4733E-02   0.000       0.000    
   14.4672470     -0.3466       0.000       0.000    
   14.3861465     -0.3380       0.000       0.000    
   14.3050461      0.3439       0.000       0.000    
   14.2239456      8.3474E-02   0.000       0.000    
   14.1428452     -2.2099E-02   0.000       0.000    
   14.0617447     -0.4530       0.000       0.000    
   13.9806442     -0.4952       0.000       0.000    
   13.8995438      0.6329       0.000       0.000    
   13.8184433      0.3085       0.000       0.000    
   13.7373428      0.2203       0.000       0.000    
   13.6562424     -0.2826       0.000       0.000    
   13.5751419      0.2713       0.000       0.000    
   13.4940414      0.6596       0.000       0.000    
   13.4129410      0.1429       0.000       0.000    
   13.3318405     -0.2426       0.000       0.000    
   13.2507401      0.1968       0.000       0.000    
   13.1696396      0.1193       0.000       0.000    
   13.0885391     -0.4923       0.000       0.000    
   13.0074387      0.2935       0.000       0.000    
   12.9263382     -0.1103       0.000       0.000    
   12.8452377      0.3138       0.000       0.000    
   12.7641373      0.3445       0.000       0.000    
   12.6830368     -0.6923       0.000       0.000    
   12.6019363     -0.2296       0.000       0.000    
   12.5208359      0.1036       0.000       0.000    
   12.4397354     -0.6849       0.000       0.000    
   12.3586349     -0.4239       0.000       0.000    
   12.2775345      0.5424       0.000       0.000    
   12.1964340      0.1977       0.000       0.000    
   12.1153336     -2.1765E-03   0.000       0.000    
   12.0342331     -0.3702       0.000       0.000    
   11.9531326      0.3250       0.000       0.000    
   11.8720322      8.6523E-02   0.000       0.000    
   11.7909317      0.3801       0.000       0.000    
   11.7098312      0.1493       0.000       0.000    
   11.6287308     -6.5816E-02   0.000       0.000    
   11.5476303      0.2372       0.000       0.000    
   11.4665298      5.7858E-03  1.0612E-06  1.0612E-06
   11.3854294     -0.4373      2.3017E-06  2.3017E-06
   11.3043289     -0.6107      4.8937E-06  4.8937E-06
   11.2232285      0.1776      1.0199E-05  1.0199E-05
   11.1421280     -0.2847      2.0834E-05  2.0834E-05
   11.0610275      8.4152E-02  4.1719E-05  4.1719E-05
   10.9799271      0.4565      8.1884E-05  8.1884E-05
   10.8988266      0.3323      1.5754E-04  1.5754E-04
   10.8177261     -6.1254E-02  2.9710E-04  2.9710E-04
   10.7366257      0.5345      5.4920E-04  5.4920E-04
   10.6555252     -0.1011      9.9513E-04  9.9513E-04
   10.5744247     -4.8809E-03  1.7675E-03  1.7675E-03
   10.4933243     -2.8671E-02  3.0771E-03  3.0771E-03
   10.4122238      0.5081      5.2511E-03  5.2511E-03
   10.3311234      0.7788      8.7838E-03  8.7838E-03
   10.2500229      0.2331      1.4402E-02  1.4402E-02
   10.1689224      8.9411E-02  2.3147E-02  2.3147E-02
   10.0878220     -0.1498      3.6466E-02  3.6466E-02
   10.0067215     -7.1744E-02  5.6312E-02  5.6312E-02
   9.92562103     -9.3105E-03  8.5238E-02  8.5238E-02
   9.84452057     -0.2090      0.1265      0.1265    
   9.76342010      0.5909      0.1839      0.1839    
   9.68231964      0.5645      0.2622      0.2622    
   9.60121918      0.4273      0.3664      0.3664    
   9.52011871     -7.7473E-02  0.5019      0.5019    
   9.43901825      0.4554      0.6738      0.6738    
   9.35791779      0.4884      0.8868      0.8868    
   9.27681732       1.463       1.144       1.144    
   9.19571686       1.984       1.446       1.446    
   9.11461639       1.748       1.793       1.793    
   9.03351593       2.015       2.178       2.178    
   8.95241547       3.323       2.594       2.594    
   8.87131500       3.010       3.028       3.028    
   8.79021454       3.022       3.465       3.465    
   8.70911407       4.265       3.886       3.886    
   8.62801361       3.897       4.272       4.272    
   8.54691315       4.129       4.604       4.604    
   8.46581268       5.152       4.863       4.863    
   8.38471222       4.456       5.035       5.035    
   8.30361176       5.418       5.111       5.111    
   8.22251129       5.290       5.084       5.084    
   8.14141083       4.653       4.958       4.958    
   8.06031036       4.825       4.739       4.739    
   7.97920990       4.982       4.440       4.440    
   7.89810944       4.379       4.078       4.078    
   7.81700897       3.967       3.671       3.671    
   7.73590851       3.244       3.239       3.239    
   7.65480804       2.021       2.802       2.802    
   7.57370758       1.979       2.376       2.376    
   7.49260712       2.359       1.974       1.974    
   7.41150665       1.301       1.608       1.608    
   7.33040619       1.411       1.284       1.284    
   7.24930573      0.7832       1.005       1.005    
   7.16820526      0.8041      0.7711      0.7711    
   7.08710480      0.2757      0.5799      0.5799    
   7.00600433      0.8681      0.4275      0.4275    
   6.92490387      0.1856      0.3089      0.3089    
   6.84380341      0.5821      0.2188      0.2188    
   6.76270294      0.4304      0.1519      0.1519    
   6.68160248      0.2135      0.1034      0.1034    
   6.60050201      0.3061      6.8944E-02  6.8944E-02
   6.51940155      0.4785      4.5078E-02  4.5078E-02
   6.43830109      8.4482E-02  2.8891E-02  2.8891E-02
   6.35720062      0.1624      1.8150E-02  1.8150E-02
   6.27610016     -0.5321      1.1177E-02  1.1177E-02
   6.19499969     -0.5563      6.7463E-03  6.7463E-03
   6.11389923     -0.8672      3.9915E-03  3.9915E-03
   6.03279877     -0.4449      2.3149E-03  2.3149E-03
   5.95169830     -0.1869      1.3160E-03  1.3160E-03
   5.87059784     -5.5228E-02  7.3331E-04  7.3331E-04
   5.78949738     -0.3905      4.0054E-04  4.0054E-04
   5.70839691     -0.1483      2.1445E-04  2.1445E-04
   5.62729645      0.3958      1.1254E-04  1.1254E-04
   5.54619598     -6.6242E-02  5.7893E-05  5.7893E-05
   5.46509552     -0.1252      2.9192E-05  2.9192E-05
   5.38399506     -0.1306      1.4428E-05  1.4428E-05
   5.30289459     -0.3537      6.9903E-06  6.9903E-06
   5.22179413      8.6020E-02  3.3196E-06  3.3196E-06
   5.14069366     -2.7495E-02  1.5453E-06  1.5453E-06
   5.05959320      0.9267      7.0508E-07  7.0508E-07
   4.97849274      0.3477       0.000       0.000    
   4.89739227     -4.2567E-02   0.000       0.000    
   4.81629181     -0.6946       0.000       0.000    
   4.73519135     -0.2599       0.000       0.000    
   4.65409088      9.1582E-03   0.000       0.000    
   4.57299042      0.7027       0.000       0.000    
   4.49188995     -0.5205       0.000       0.000    
   4.41078949     -0.6298       0.000       0.000    
   4.32968903     -6.9430E-02   0.000       0.000    
   4.24858856      0.4163       0.000       0.000    
   4.16748810     -0.4585       0.000       0.000    
   4.08638763      0.1057       0.000       0.000    
   4.00528717     -0.2053       0.000       0.000    
   3.92418671      0.2307       0.000       0.000    
   3.84308624      0.4146       0.000       0.000    
   3.76198578      0.4706       0.000       0.000    
   3.68088531      0.3053       0.000       0.000    
   3.59978485     -0.5616       0.000       0.000    
   3.51868439     -3.7951E-02   0.000       0.000    
   3.43758392      0.4476       0.000       0.000    
   3.35648346      0.6624       0.000       0.000    
   3.27538300     -1.0117E-02   0.000       0.000    
   3.19428253     -0.3616       0.000       0.000    
   3.11318207      0.5805       0.000       0.000    
   3.03208160      0.3976       0.000       0.000    
   2.95098114     -0.1480       0.000       0.000    
   2.86988068     -0.3542       0.000       0.000    
   2.78878021      0.3339       0.000       0.000    
   2.70767975     -0.6029       0.000       0.000    
   2.62657928     -0.1798       0.000       0.000    
   2.54547882     -0.3121       0.000       0.000    
   2.46437836     -5.1885E-02   0.000       0.000    
   2.38327789      7.5321E-02   0.000       0.000    
   2.30217743      0.3054       0.000       0.000    
   2.22107697     -0.3204       0.000       0.000    
   2.13997650     -0.1675       0.000       0.000    
   2.05887604      1.5991E-02   0.000       0.000    
   1.97777557     -0.2747       0.000       0.000    
   1.89667511     -0.2950       0.000       0.000    
   1.81557465     -0.2748       0.000       0.000    
   1.73447418      0.1079       0.000       0.000    
   1.65337372      0.2484       0.000       0.000    
   1.57227325     -0.4602       0.000       0.000    
   1.49117279     -0.2355       0.000       0.000    
   1.41007233      0.3308       0.000       0.000    
   1.32897186      0.2436       0.000       0.000    
   1.24787140     -0.3687       0.000       0.000    
   1.16677094      0.3501       0.000       0.000    
   1.08567047      0.6892       0.000       0.000    
   1.00457001      0.7143       0.000       0.000    
  0.923469543      0.2553       0.000       0.000    
  0.842369080     -0.5346       0.000       0.000    
  0.761268616     -0.2411       0.000       0.000    
  0.680168152     -2.5601E-02   0.000       0.000    
  0.599067688     -0.4585       0.000       0.000    
  0.517967224     -0.3587       0.000       0.000    
  0.436866760     -0.1965       0.000       0.000    
  0.355766296     -0.1178       0.000       0.000    
  0.274665833      0.1923       0.000       0.000    
  0.193565369     -0.1265       0.000       0.000    
  0.112464905     -0.5152       0.000       0.000    
  3.136444092E-02  3.2579E-02   0.000       0.000    
 -4.973602295E-02 -0.2390       0.000       0.000    
 -0.130836487      0.6071       0.000       0.000    
 -0.211936951      0.6333       0.000       0.000    
 -0.293037415      1.0307E-02   0.000       0.000    
 -0.374137878      2.7420E-02   0.000       0.000    
 -0.455238342     -0.2181       0.000       0.000    
 -0.536338806     -0.2517       0.000       0.000    
 -0.617439270      0.9923       0.000       0.000    
 -0.698539734      0.3739       0.000       0.000    
 -0.779640198     -0.2652       0.000       0.000    
 -0.860740662     -7.4248E-02   0.000       0.000    
 -0.941841125      0.2160       0.000       0.000    
  -1.02294159     -0.3415       0.000       0.000    
  -1.10404205     -0.6699       0.000       0.000    
  -1.18514252     -8.3676E-02   0.000       0.000    
  -1.26624298     -1.6357E-02   0.000       0.000    
  -1.34734344      0.3705       0.000       0.000    
  -1.42844391      0.1813       0.000       0.000    
  -1.50954437     -5.5423E-02   0.000       0.000    
