   16.3198357      0.1705       0.000       0.000    
   16.2342300      0.1423       0.000       0.000    
   16.1486244     -7.5913E-02   0.000       0.000    
   16.0630188      0.2183       0.000       0.000    
   15.9774132     -0.3416       0.000       0.000    
   15.8918076     -0.3246       0.000       0.000    
   15.8062019     -9.4237E-02   0.000       0.000    
   15.7205963      0.3207       0.000       0.000    
   15.6349907     -0.1920       0.000       0.000    
   15.5493851     -0.6417       0.000       0.000    
   15.4637794     -0.1205       0.000       0.000    
   15.3781738      0.2123       0.000       0.000    
   15.2925682      0.2104       0.000       0.000    
   15.2069626     -9.0315E-02   0.000       0.000    
   15.1213570      5.3179E-04   0.000       0.000    
   15.0357513     -0.2905       0.000       0.000    
   14.9501457     -0.3409       0.000       0.000    
   14.8645401      0.7810       0.000       0.000    
   14.7789345      0.1863       0.000       0.000    
   14.6933289     -8.8435E-02   0.000       0.000    
   14.6077232     -0.8506       0.000       0.000    
   14.5221176     -0.2837       0.000       0.000    
   14.4365120      0.1316       0.000       0.000    
   14.3509064      0.1119       0.000       0.000    
   14.2653008      0.3773       0.000       0.000    
   14.1796951     -0.5346       0.000       0.000    
   14.0940895     -0.5760       0.000       0.000    
   14.0084839     -0.4513       0.000       0.000    
   13.9228783      0.5473       0.000       0.000    
   13.8372726     -4.6122E-02   0.000       0.000    
   13.7516670     -2.8111E-02   0.000       0.000    
   13.6660614      9.5416E-02   0.000       0.000    
   13.5804558      3.7257E-02   0.000       0.000    
   13.4948502      0.5145       0.000       0.000    
   13.4092445      0.2155       0.000       0.000    
   13.3236389      0.9467       0.000       0.000    
   13.2380333     -0.1485       0.000       0.000    
   13.1524277     -0.1684       0.000       0.000    
   13.0668221     -0.2573       0.000       0.000    
   12.9812164      0.2082       0.000       0.000    
   12.8956108     -0.3202       0.000       0.000    
   12.8100052     -8.6412E-03   0.000       0.000    
   12.7243996     -0.7522       0.000       0.000    
   12.6387939     -5.8787E-02   0.000       0.000    
   12.5531883      0.5206       0.000       0.000    
   12.4675827     -3.5768E-03   0.000       0.000    
   12.3819771      0.2367       0.000       0.000    
   12.2963715     -0.1798       0.000       0.000    
   12.2107658     -0.9214       0.000       0.000    
   12.1251602      0.6176       0.000       0.000    
   12.0395546      0.7262       0.000       0.000    
   11.9539490     -0.1882       0.000       0.000    
   11.8683434      0.5844       0.000       0.000    
   11.7827377     -1.2407E-02   0.000       0.000    
   11.6971321      0.4727       0.000       0.000    
   11.6115265     -0.2997       0.000       0.000    
   11.5259209     -0.2531       0.000       0.000    
   11.4403152     -0.3601       0.000       0.000    
   11.3547096      0.8553       0.000       0.000    
   11.2691040      0.2277       0.000       0.000    
   11.1834984      0.4920       0.000       0.000    
   11.0978928      0.3759       0.000       0.000    
   11.0122871      0.3721       0.000       0.000    
   10.9266815     -0.3923       0.000       0.000    
   10.8410759      0.3636       0.000       0.000    
   10.7554703      0.3387       0.000       0.000    
   10.6698647      0.6056       0.000       0.000    
   10.5842590     -0.4775       0.000       0.000    
   10.4986534     -0.4650       0.000       0.000    
   10.4130478      0.2227       0.000       0.000    
   10.3274422     -0.1655       0.000       0.000    
   10.2418365      4.5891E-02  3.6191E-07  3.6191E-07
   10.1562309      0.1385      7.8295E-07  7.8295E-07
   10.0706253      0.4356      1.6617E-06  1.6617E-06
   9.98501968      0.3415      3.4597E-06  3.4597E-06
   9.89941406      7.2260E-02  7.0664E-06  7.0664E-06
   9.81380844      0.3704      1.4159E-05  1.4159E-05
   9.72820282     -3.7665E-03  2.7831E-05  2.7831E-05
   9.64259720      4.5195E-02  5.3668E-05  5.3668E-05
   9.55699158      0.7837      1.0152E-04  1.0152E-04
   9.47138596      0.2860      1.8840E-04  1.8840E-04
   9.38578033      0.1885      3.4300E-04  3.4300E-04
   9.30017471     -5.9160E-02  6.1258E-04  6.1258E-04
   9.21456909     -7.7867E-03  1.0733E-03  1.0733E-03
   9.12896347     -0.2691      1.8447E-03  1.8447E-03
   9.04335785     -6.2052E-02  3.1104E-03  3.1104E-03
   8.95775223      0.4627      5.1450E-03  5.1450E-03
   8.87214661      0.1055      8.3488E-03  8.3488E-03
   8.78654099      0.1309      1.3290E-02  1.3290E-02
   8.70093536      0.2073      2.0755E-02  2.0755E-02
   8.61532974     -0.3231      3.1796E-02  3.1796E-02
   8.52972412      0.8844      4.7787E-02  4.7787E-02
   8.44411850       1.123      7.0455E-02  7.0455E-02
   8.35851288       1.039      0.1019      0.1019    
   8.27290726      0.5515      0.1446      0.1446    
   8.18730164      0.8388      0.2013      0.2013    
   8.10169601      0.2258      0.2748      0.2748    
   8.01609039      0.6277      0.3682      0.3682    
   7.93048477      0.6297      0.4838      0.4838    
   7.84487915      0.4759      0.6237      0.6237    
   7.75927353      0.9288      0.7888      0.7888    
   7.67366791      0.5008      0.9787      0.9787    
   7.58806229      0.3586       1.191       1.191    
   7.50245667       1.060       1.422       1.422    
   7.41685104       1.424       1.666       1.666    
   7.33124542       1.669       1.914       1.914    
   7.24563980       2.399       2.158       2.158    
   7.16003418       2.226       2.387       2.387    
   7.07442856       2.768       2.589       2.589    
   6.98882294       3.127       2.756       2.756    
   6.90321732       3.458       2.877       2.877    
   6.81761169       4.009       2.947       2.947    
   6.73200607       2.610       2.961       2.961    
   6.64640045       2.310       2.918       2.918    
   6.56079483       2.855       2.822       2.822    
   6.47518921       2.466       2.677       2.677    
   6.38958359       2.476       2.491       2.491    
   6.30397797       1.979       2.274       2.274    
   6.21837234       1.868       2.037       2.037    
   6.13276672       1.330       1.790       1.790    
   6.04716110       1.824       1.542       1.542    
   5.96155548       1.280       1.304       1.304    
   5.87594986       1.210       1.082       1.082    
   5.79034424      0.9919      0.8802      0.8802    
   5.70473862      0.9507      0.7027      0.7027    
   5.61913300      0.8527      0.5503      0.5503    
   5.53352737      0.4885      0.4227      0.4227    
   5.44792175      7.4389E-02  0.3186      0.3186    
   5.36231613      0.3920      0.2355      0.2355    
   5.27671051      0.3548      0.1708      0.1708    
   5.19110489      0.5354      0.1216      0.1216    
   5.10549927     -0.4064      8.4848E-02  8.4848E-02
   5.01989365     -3.6174E-02  5.8100E-02  5.8100E-02
   4.93428802      0.7035      3.9029E-02  3.9029E-02
   4.84868240     -0.4251      2.5720E-02  2.5720E-02
   4.76307678      9.1931E-03  1.6627E-02  1.6627E-02
   4.67747116     -0.1216      1.0545E-02  1.0545E-02
   4.59186554     -9.2855E-02  6.5607E-03  6.5607E-03
   4.50625992      0.2851      4.0043E-03  4.0043E-03
   4.42065430      0.5345      2.3976E-03  2.3976E-03
   4.33504868      0.8919      1.4083E-03  1.4083E-03
   4.24944305       1.013      8.1150E-04  8.1150E-04
   4.16383743      0.3451      4.5873E-04  4.5873E-04
   4.07823181      0.1001      2.5439E-04  2.5439E-04
   3.99262619      9.7661E-02  1.3839E-04  1.3839E-04
   3.90702057      0.2465      7.3858E-05  7.3858E-05
   3.82141495      0.4312      3.8669E-05  3.8669E-05
   3.73580933      0.3058      1.9861E-05  1.9861E-05
   3.65020370      0.5748      1.0007E-05  1.0007E-05
   3.56459808      0.1187      4.9463E-06  4.9463E-06
   3.47899246      0.6717      2.3985E-06  2.3985E-06
   3.39338684      0.7244      1.1409E-06  1.1409E-06
   3.30778122      0.4708      5.3243E-07  5.3243E-07
   3.22217560     -5.4542E-02   0.000       0.000    
   3.13656998      0.3119       0.000       0.000    
   3.05096436     -0.4278       0.000       0.000    
   2.96535873     -0.8443       0.000       0.000    
   2.87975311      0.1716       0.000       0.000    
   2.79414749      0.3937       0.000       0.000    
   2.70854187      0.3260       0.000       0.000    
   2.62293625      0.2398       0.000       0.000    
   2.53733063      0.5732       0.000       0.000    
   2.45172501      2.1969E-02   0.000       0.000    
   2.36611938      0.3364       0.000       0.000    
   2.28051376      0.5367       0.000       0.000    
   2.19490814      0.8257       0.000       0.000    
   2.10930252      0.3845       0.000       0.000    
   2.02369690      0.4110       0.000       0.000    
   1.93809128     -0.1890       0.000       0.000    
   1.85248566      0.1086       0.000       0.000    
   1.76688004     -1.3386E-02   0.000       0.000    
   1.68127441      0.4877       0.000       0.000    
   1.59566879     -8.4638E-03   0.000       0.000    
   1.51006317     -2.0751E-02   0.000       0.000    
   1.42445755     -0.1029       0.000       0.000    
   1.33885193     -8.9195E-02   0.000       0.000    
   1.25324631      0.4059       0.000       0.000    
   1.16764069      2.2241E-02   0.000       0.000    
   1.08203506      0.3493       0.000       0.000    
  0.996429443      0.2434       0.000       0.000    
  0.910823822     -0.2922       0.000       0.000    
  0.825218201     -0.1802       0.000       0.000    
  0.739612579      0.2101       0.000       0.000    
  0.654006958     -4.2842E-02   0.000       0.000    
  0.568401337      0.1908       0.000       0.000    
  0.482795715     -0.1539       0.000       0.000    
  0.397190094     -0.1762       0.000       0.000    
  0.311584473     -0.2317       0.000       0.000    
  0.225978851      0.4772       0.000       0.000    
  0.140373230      0.4541       0.000       0.000    
  5.476760864E-02  0.2132       0.000       0.000    
 -3.083801270E-02  0.3733       0.000       0.000    
 -0.116443634      0.6424       0.000       0.000    
 -0.202049255      0.2291       0.000       0.000    
 -0.287654877      0.2580       0.000       0.000    
 -0.373260498      0.2555       0.000       0.000    
 -0.458866119      1.4151E-02   0.000       0.000    
 -0.544471741     -0.4085       0.000       0.000    
 -0.630077362     -0.8839       0.000       0.000    
 -0.715682983     -8.2036E-02   0.000       0.000    
 -0.801288605      2.4522E-03   0.000       0.000    
 -0.886894226     -0.1489       0.000       0.000    
 -0.972499847      0.1486       0.000       0.000    
  -1.05810547     -0.2126       0.000       0.000    
  -1.14371109      0.2918       0.000       0.000    
  -1.22931671     -7.3667E-02   0.000       0.000    
  -1.31492233      0.1108       0.000       0.000    
  -1.40052795      0.1376       0.000       0.000    
  -1.48613358      0.4110       0.000       0.000    
  -1.57173920      0.2054       0.000       0.000    
  -1.65734482      0.3183       0.000       0.000    
  -1.74295044     -0.3932       0.000       0.000    
  -1.82855606      0.3134       0.000       0.000    
  -1.91416168     -0.3120       0.000       0.000    
  -1.99976730     -0.2932       0.000       0.000    
  -2.08537292      0.2869       0.000       0.000    
  -2.17097855     -0.4457       0.000       0.000    
  -2.25658417     -0.5444       0.000       0.000    
  -2.34218979     -0.1903       0.000       0.000    
  -2.42779541      0.3763       0.000       0.000    
  -2.51340103      0.4567       0.000       0.000    
  -2.59900665     -0.1949       0.000       0.000    
  -2.68461227     -5.2672E-02   0.000       0.000    
  -2.77021790      3.8276E-02   0.000       0.000    
  -2.85582352      0.2983       0.000       0.000    
  -2.94142914     -0.1279       0.000       0.000    
  -3.02703476      9.2231E-02   0.000       0.000    
  -3.11264038     -0.3608       0.000       0.000    
  -3.19824600     -0.2246       0.000       0.000    
  -3.28385162     -0.4742       0.000       0.000    
  -3.36945724     -0.1788       0.000       0.000    
  -3.45506287      0.4692       0.000       0.000    
  -3.54066849      0.4889       0.000       0.000    
  -3.62627411      0.2689       0.000       0.000    
  -3.71187973     -6.0007E-02   0.000       0.000    
