   17.2741451     -0.2538       0.000       0.000    
   17.1885471     -0.8518       0.000       0.000    
   17.1029491      0.8567       0.000       0.000    
   17.0173512      0.4456       0.000       0.000    
   16.9317532     -0.4399       0.000       0.000    
   16.8461552     -7.6021E-02   0.000       0.000    
   16.7605572      0.6385       0.000       0.000    
   16.6749592      0.5030       0.000       0.000    
   16.5893612     -0.7911       0.000       0.000    
   16.5037632     -0.2139       0.000       0.000    
   16.4181652     -0.5497       0.000       0.000    
   16.3325672     -0.3601       0.000       0.000    
   16.2469692      0.5344      2.0490E-07  2.0490E-07
   16.1613712       1.153      2.6929E-07  2.6929E-07
   16.0757732      0.3353      3.5307E-07  3.5307E-07
   15.9901752     -0.3269      4.6181E-07  4.6181E-07
   15.9045773     -7.6248E-02  6.0259E-07  6.0259E-07
   15.8189793      4.3793E-03  7.8441E-07  7.8441E-07
   15.7333813     -0.2340      1.0187E-06  1.0187E-06
   15.6477833     -0.5297      1.3197E-06  1.3197E-06
   15.5621853      0.7046      1.7056E-06  1.7056E-06
   15.4765873      0.2973      2.1990E-06  2.1990E-06
   15.3909893     -0.4207      2.8284E-06  2.8284E-06
   15.3053913     -0.6475      3.6293E-06  3.6293E-06
   15.2197933      0.9095      4.6458E-06  4.6458E-06
   15.1341953      9.9227E-02  5.9328E-06  5.9328E-06
   15.0485973     -0.1688      7.5582E-06  7.5582E-06
   14.9629993      0.5017      9.6059E-06  9.6059E-06
   14.8774014     -0.2652      1.2179E-05  1.2179E-05
   14.7918034     -0.1314      1.5405E-05  1.5405E-05
   14.7062054     -8.2765E-02  1.9438E-05  1.9438E-05
   14.6206074     -0.4729      2.4468E-05  2.4468E-05
   14.5350094     -2.0535E-02  3.0727E-05  3.0727E-05
   14.4494114      0.6297      3.8495E-05  3.8495E-05
   14.3638134      0.3291      4.8110E-05  4.8110E-05
   14.2782154     -0.4872      5.9983E-05  5.9983E-05
   14.1926174      0.8810      7.4608E-05  7.4608E-05
   14.1070194      0.9343      9.2577E-05  9.2577E-05
   14.0214214      0.3980      1.1460E-04  1.1460E-04
   13.9358234     -9.8422E-02  1.4152E-04  1.4152E-04
   13.8502254      0.4867      1.7434E-04  1.7434E-04
   13.7646275      0.2664      2.1427E-04  2.1427E-04
   13.6790295     -0.9802      2.6271E-04  2.6271E-04
   13.5934315     -0.4626      3.2133E-04  3.2133E-04
   13.5078335     -0.2522      3.9209E-04  3.9209E-04
   13.4222355     -0.1119      4.7728E-04  4.7728E-04
   13.3366375       1.099      5.7960E-04  5.7960E-04
   13.2510395      0.4479      7.0217E-04  7.0217E-04
   13.1654415      0.5181      8.4862E-04  8.4862E-04
   13.0798435      4.7490E-02  1.0232E-03  1.0232E-03
   12.9942455     -0.1038      1.2307E-03  1.2307E-03
   12.9086475     -0.2515      1.4767E-03  1.4767E-03
   12.8230495     -0.2496      1.7677E-03  1.7677E-03
   12.7374516     -7.0123E-02  2.1109E-03  2.1109E-03
   12.6518536     -0.2603      2.5148E-03  2.5148E-03
   12.5662556      0.3015      2.9888E-03  2.9888E-03
   12.4806576     -0.2815      3.5436E-03  3.5436E-03
   12.3950596     -0.3613      4.1913E-03  4.1913E-03
   12.3094616      6.1832E-02  4.9456E-03  4.9456E-03
   12.2238636     -0.1299      5.8217E-03  5.8217E-03
   12.1382656      0.4552      6.8366E-03  6.8366E-03
   12.0526676      0.3729      8.0092E-03  8.0092E-03
   11.9670696      0.9321      9.3605E-03  9.3605E-03
   11.8814716     -0.2425      1.0914E-02  1.0914E-02
   11.7958736      0.5809      1.2694E-02  1.2694E-02
   11.7102757      0.9564      1.4729E-02  1.4729E-02
   11.6246777      0.2640      1.7050E-02  1.7050E-02
   11.5390797     -0.6757      1.9690E-02  1.9690E-02
   11.4534817     -0.7682      2.2683E-02  2.2683E-02
   11.3678837     -0.8510      2.6069E-02  2.6069E-02
   11.2822857     -9.7526E-02  2.9889E-02  2.9889E-02
   11.1966877     -0.5412      3.4187E-02  3.4187E-02
   11.1110897      0.1396      3.9009E-02  3.9009E-02
   11.0254917      0.1133      4.4405E-02  4.4405E-02
   10.9398937      0.1775      5.0427E-02  5.0427E-02
   10.8542957     -0.5614      5.7127E-02  5.7127E-02
   10.7686977     -0.2929      6.4564E-02  6.4564E-02
   10.6830997      0.1158      7.2794E-02  7.2794E-02
   10.5975018      0.1062      8.1876E-02  8.1876E-02
   10.5119038     -0.6222      9.1872E-02  9.1872E-02
   10.4263058      0.2725      0.1028      0.1028    
   10.3407078     -0.3996      0.1148      0.1148    
   10.2551098      0.2508      0.1279      0.1279    
   10.1695118      0.5210      0.1422      0.1422    
   10.0839138      0.7449      0.1577      0.1577    
   9.99831581     -0.1843      0.1744      0.1744    
   9.91271782      9.6794E-02  0.1924      0.1924    
   9.82711983      0.1372      0.2118      0.2118    
   9.74152184     -4.7924E-02  0.2326      0.2326    
   9.65592384     -0.8850      0.2548      0.2548    
   9.57032585      9.5379E-02  0.2785      0.2785    
   9.48472786     -4.6162E-02  0.3036      0.3036    
   9.39912987      0.5714      0.3302      0.3302    
   9.31353188      0.1408      0.3583      0.3583    
   9.22793388      0.2522      0.3879      0.3879    
   9.14233589      6.3585E-02  0.4189      0.4189    
   9.05673790     -7.1917E-02  0.4513      0.4513    
   8.97113991       1.049      0.4850      0.4850    
   8.88554192      0.3745      0.5200      0.5200    
   8.79994392      1.6762E-02  0.5562      0.5562    
   8.71434593      0.8004      0.5934      0.5934    
   8.62874794      0.3895      0.6317      0.6317    
   8.54314995      0.4803      0.6708      0.6708    
   8.45755196      0.6572      0.7107      0.7107    
   8.37195396      0.8098      0.7511      0.7511    
   8.28635597      0.6466      0.7919      0.7919    
   8.20075798       1.023      0.8329      0.8329    
   8.11515999       1.328      0.8740      0.8740    
   8.02956200       1.374      0.9149      0.9149    
   7.94396400      0.4424      0.9554      0.9554    
   7.85836601      0.7128      0.9953      0.9953    
   7.77276802       1.274       1.034       1.034    
   7.68717003      0.9876       1.072       1.072    
   7.60157204       1.013       1.109       1.109    
   7.51597404       1.180       1.145       1.145    
   7.43037605       1.349       1.178       1.178    
   7.34477806       1.839       1.210       1.210    
   7.25918007       1.711       1.240       1.240    
   7.17358208       2.243       1.267       1.267    
   7.08798409       1.460       1.292       1.292    
   7.00238609       1.361       1.314       1.314    
   6.91678810       1.862       1.333       1.333    
   6.83119011       1.600       1.349       1.349    
   6.74559212       2.254       1.363       1.363    
   6.65999413       1.840       1.373       1.373    
   6.57439613      0.8709       1.380       1.380    
   6.48879814      0.8948       1.383       1.383    
   6.40320015       1.520       1.383       1.383    
   6.31760216      0.9166       1.380       1.380    
   6.23200417       1.751       1.374       1.374    
   6.14640617       1.373       1.365       1.365    
   6.06080818       1.872       1.352       1.352    
   5.97521019       1.245       1.336       1.336    
   5.88961220       1.038       1.317       1.317    
   5.80401421      0.4851       1.296       1.296    
   5.71841621      0.7323       1.271       1.271    
   5.63281822      0.2489       1.244       1.244    
   5.54722023      0.5135       1.215       1.215    
   5.46162224      0.2251       1.184       1.184    
   5.37602425       1.072       1.151       1.151    
   5.29042625      0.9883       1.116       1.116    
   5.20482826      0.5263       1.079       1.079    
   5.11923027       1.423       1.041       1.041    
   5.03363228       1.264       1.002       1.002    
   4.94803429       1.076      0.9624      0.9624    
   4.86243629      0.8319      0.9220      0.9220    
   4.77683830      0.9892      0.8811      0.8811    
   4.69124031      0.3292      0.8401      0.8401    
   4.60564232      0.4070      0.7991      0.7991    
   4.52004433      0.3179      0.7582      0.7582    
   4.43444633       1.081      0.7177      0.7177    
   4.34884834       1.476      0.6778      0.6778    
   4.26325035       1.818      0.6385      0.6385    
   4.17765236       1.363      0.6001      0.6001    
   4.09205437       1.039      0.5626      0.5626    
   4.00645638      0.7761      0.5262      0.5262    
   3.92085838      0.2321      0.4910      0.4910    
   3.83526039     -0.3705      0.4571      0.4571    
   3.74966240      1.3035E-02  0.4244      0.4244    
   3.66406441      0.3313      0.3932      0.3932    
   3.57846642      0.8250      0.3634      0.3634    
   3.49286842     -9.3941E-02  0.3350      0.3350    
   3.40727043      0.6586      0.3082      0.3082    
   3.32167244      0.8899      0.2828      0.2828    
   3.23607445      0.5123      0.2588      0.2588    
   3.15047646      0.2255      0.2364      0.2364    
   3.06487846      0.2591      0.2153      0.2153    
   2.97928047      0.7030      0.1957      0.1957    
   2.89368248       1.089      0.1774      0.1774    
   2.80808449     -4.2093E-02  0.1605      0.1605    
   2.72248650      0.1159      0.1448      0.1448    
   2.63688850     -0.1910      0.1303      0.1303    
   2.55129051     -0.3414      0.1171      0.1171    
   2.46569252      0.3383      0.1049      0.1049    
   2.38009453      0.1574      9.3718E-02  9.3718E-02
   2.29449654      0.2834      8.3557E-02  8.3557E-02
   2.20889854     -0.8716      7.4319E-02  7.4319E-02
   2.12330055     -0.2258      6.5944E-02  6.5944E-02
   2.03770256      0.4961      5.8373E-02  5.8373E-02
   1.95210457      0.5911      5.1548E-02  5.1548E-02
   1.86650658      0.6718      4.5412E-02  4.5412E-02
   1.78090858      0.6934      3.9910E-02  3.9910E-02
   1.69531059      0.1712      3.4991E-02  3.4991E-02
   1.60971260      0.2981      3.0605E-02  3.0605E-02
   1.52411461       1.351      2.6705E-02  2.6705E-02
   1.43851662      0.2907      2.3246E-02  2.3246E-02
   1.35291862      0.4332      2.0186E-02  2.0186E-02
   1.26732063     -0.7823      1.7488E-02  1.7488E-02
   1.18172264     -2.3776E-02  1.5114E-02  1.5114E-02
   1.09612465      0.3759      1.3031E-02  1.3031E-02
   1.01052666      0.1200      1.1208E-02  1.1208E-02
  0.924928665       1.117      9.6168E-03  9.6168E-03
  0.839330673      0.9434      8.2320E-03  8.2320E-03
  0.753732681      0.3620      7.0297E-03  7.0297E-03
  0.668134689     -0.5829      5.9887E-03  5.9887E-03
  0.582536697     -2.9209E-02  5.0896E-03  5.0896E-03
  0.496938705      0.5783      4.3152E-03  4.3152E-03
  0.411340714      0.7025      3.6498E-03  3.6498E-03
  0.325742722      0.1762      3.0796E-03  3.0796E-03
  0.240144730     -0.1989      2.5923E-03  2.5923E-03
  0.154546738      0.6448      2.1769E-03  2.1769E-03
  6.894874573E-02  0.7582      1.8237E-03  1.8237E-03
 -1.664924622E-02  0.9297      1.5241E-03  1.5241E-03
 -0.102247238     -3.0116E-02  1.2707E-03  1.2707E-03
 -0.187845230     -0.2134      1.0569E-03  1.0569E-03
 -0.273443222     -0.2687      8.7699E-04  8.7699E-04
 -0.359041214     -1.2034E-02  7.2595E-04  7.2595E-04
 -0.444639206      0.1696      5.9948E-04  5.9948E-04
 -0.530237198      1.8395E-02  4.9386E-04  4.9386E-04
 -0.615835190     -0.2026      4.0587E-04  4.0587E-04
 -0.701433182      0.9023      3.3277E-04  3.3277E-04
 -0.787031174      0.5739      2.7217E-04  2.7217E-04
 -0.872629166      0.2122      2.2208E-04  2.2208E-04
 -0.958227158     -0.7616      1.8078E-04  1.8078E-04
  -1.04382515     -0.3091      1.4680E-04  1.4680E-04
  -1.12942314      0.3057      1.1893E-04  1.1893E-04
  -1.21502113     -0.4943      9.6114E-05  9.6114E-05
  -1.30061913      7.2322E-02  7.7491E-05  7.7491E-05
  -1.38621712      0.1449      6.2327E-05  6.2327E-05
  -1.47181511      0.1979      5.0011E-05  5.0011E-05
  -1.55741310      9.1124E-02  4.0032E-05  4.0032E-05
  -1.64301109      0.4206      3.1968E-05  3.1968E-05
  -1.72860909      0.7561      2.5467E-05  2.5467E-05
  -1.81420708     -0.7267      2.0240E-05  2.0240E-05
  -1.89980507      0.7659      1.6047E-05  1.6047E-05
  -1.98540306      0.7874      1.2692E-05  1.2692E-05
  -2.07100105      0.2579      1.0015E-05  1.0015E-05
  -2.15659904      0.4244      7.8832E-06  7.8832E-06
  -2.24219704     -0.2411      6.1905E-06  6.1905E-06
  -2.32779503      0.1185      4.8496E-06  4.8496E-06
  -2.41339302     -0.9535      3.7901E-06  3.7901E-06
  -2.49899101     -0.8327      2.9550E-06  2.9550E-06
  -2.58458900     -0.9016      2.2984E-06  2.2984E-06
  -2.67018700      0.2482      1.7834E-06  1.7834E-06
