   16.1311831     -0.9144       0.000       0.000    
   16.0500846      -1.107       0.000       0.000    
   15.9689860     -0.1044       0.000       0.000    
   15.8878875     -0.3083       0.000       0.000    
   15.8067889     -0.1599       0.000       0.000    
   15.7256904     -0.2647       0.000       0.000    
   15.6445918      4.7211E-02   0.000       0.000    
   15.5634933      -1.016       0.000       0.000    
   15.4823947     -0.3475       0.000       0.000    
   15.4012961     -0.1901       0.000       0.000    
   15.3201976     -0.9002       0.000       0.000    
   15.2390990      0.4053       0.000       0.000    
   15.1580005     -0.3671       0.000       0.000    
   15.0769019     -0.2365       0.000       0.000    
   14.9958034      3.5521E-02   0.000       0.000    
   14.9147048     -6.7789E-03   0.000       0.000    
   14.8336062     -0.2955       0.000       0.000    
   14.7525077      0.5837       0.000       0.000    
   14.6714091     -0.8256       0.000       0.000    
   14.5903106     -0.8771       0.000       0.000    
   14.5092120     -9.5607E-02   0.000       0.000    
   14.4281135     -0.4996       0.000       0.000    
   14.3470149     -0.3301       0.000       0.000    
   14.2659163     -0.3407       0.000       0.000    
   14.1848178      0.3375       0.000       0.000    
   14.1037192     -0.3493       0.000       0.000    
   14.0226207      0.3275       0.000       0.000    
   13.9415221     -0.2360       0.000       0.000    
   13.8604236      0.1059       0.000       0.000    
   13.7793250      0.2843       0.000       0.000    
   13.6982265     -9.8844E-02   0.000       0.000    
   13.6171279     -0.5122       0.000       0.000    
   13.5360293     -3.8092E-02   0.000       0.000    
   13.4549308     -0.3157       0.000       0.000    
   13.3738322     -4.5572E-02   0.000       0.000    
   13.2927337     -0.4766       0.000       0.000    
   13.2116351     -0.3611       0.000       0.000    
   13.1305366      5.6318E-03   0.000       0.000    
   13.0494380      -1.122       0.000       0.000    
   12.9683394     -0.9404       0.000       0.000    
   12.8872409      -1.515       0.000       0.000    
   12.8061423     -0.3419       0.000       0.000    
   12.7250438      -1.073       0.000       0.000    
   12.6439452     -9.3734E-02   0.000       0.000    
   12.5628467     -0.6527       0.000       0.000    
   12.4817481      0.3310       0.000       0.000    
   12.4006495     -0.3655       0.000       0.000    
   12.3195510      -1.023       0.000       0.000    
   12.2384524     -0.5993       0.000       0.000    
   12.1573539      0.1605       0.000       0.000    
   12.0762553     -0.3360       0.000       0.000    
   11.9951568     -0.4796      1.2220E-06  1.2220E-06
   11.9140582      0.2507      1.8795E-06  1.8795E-06
   11.8329597      -1.379      2.8737E-06  2.8737E-06
   11.7518611      0.4882      4.3680E-06  4.3680E-06
   11.6707625     -0.2095      6.6003E-06  6.6003E-06
   11.5896640      0.1451      9.9147E-06  9.9147E-06
   11.5085654     -0.5834      1.4806E-05  1.4806E-05
   11.4274669     -0.3754      2.1980E-05  2.1980E-05
   11.3463683     -1.3583E-02  3.2439E-05  3.2439E-05
   11.2652698     -0.5729      4.7593E-05  4.7593E-05
   11.1841712      0.4441      6.9415E-05  6.9415E-05
   11.1030726     -0.3043      1.0065E-04  1.0065E-04
   11.0219741     -0.9841      1.4508E-04  1.4508E-04
   10.9408755     -0.2299      2.0789E-04  2.0789E-04
   10.8597770      0.3839      2.9614E-04  2.9614E-04
   10.7786784     -0.3121      4.1937E-04  4.1937E-04
   10.6975799      0.3846      5.9040E-04  5.9040E-04
   10.6164813     -0.1227      8.2629E-04  8.2629E-04
   10.5353827      0.1075      1.1496E-03  1.1496E-03
   10.4542842     -0.4195      1.5901E-03  1.5901E-03
   10.3731856      -1.362      2.1863E-03  2.1863E-03
   10.2920871      -1.014      2.9885E-03  2.9885E-03
   10.2109885     -0.3917      4.0610E-03  4.0610E-03
   10.1298900      0.2633      5.4860E-03  5.4860E-03
   10.0487914     -0.3980      7.3673E-03  7.3673E-03
   9.96769285     -0.3207      9.8357E-03  9.8357E-03
   9.88659430     -0.1845      1.3054E-02  1.3054E-02
   9.80549574     -0.1261      1.7223E-02  1.7223E-02
   9.72439718     -0.9715      2.2590E-02  2.2590E-02
   9.64329863      0.7480      2.9456E-02  2.9456E-02
   9.56220007     -0.1181      3.8182E-02  3.8182E-02
   9.48110151      0.5028      4.9203E-02  4.9203E-02
   9.40000296      0.6239      6.3031E-02  6.3031E-02
   9.31890440      0.7451      8.0271E-02  8.0271E-02
   9.23780584     -0.1718      0.1016      0.1016    
   9.15670729     -0.1852      0.1279      0.1279    
   9.07560873     -0.8817      0.1600      0.1600    
   8.99451017      0.1191      0.1991      0.1991    
   8.91341162     -0.8186      0.2461      0.2461    
   8.83231306      0.4699      0.3026      0.3026    
   8.75121450      0.5249      0.3697      0.3697    
   8.67011595       1.015      0.4492      0.4492    
   8.58901739       1.073      0.5424      0.5424    
   8.50791883      0.5172      0.6513      0.6513    
   8.42682028      0.7872      0.7773      0.7773    
   8.34572172       1.249      0.9223      0.9223    
   8.26462317       1.415       1.088       1.088    
   8.18352461      0.5728       1.276       1.276    
   8.10242605      9.0902E-02   1.487       1.487    
   8.02132750       1.407       1.723       1.723    
   7.94022894       1.441       1.985       1.985    
   7.85913038       1.330       2.274       2.274    
   7.77803183       2.371       2.588       2.588    
   7.69693327       2.897       2.930       2.930    
   7.61583471       3.438       3.296       3.296    
   7.53473616       3.724       3.687       3.687    
   7.45363760       4.222       4.100       4.100    
   7.37253904       4.270       4.533       4.533    
   7.29144049       5.252       4.981       4.981    
   7.21034193       5.096       5.442       5.442    
   7.12924337       5.050       5.910       5.910    
   7.04814482       6.029       6.381       6.381    
   6.96704626       7.135       6.849       6.849    
   6.88594770       7.531       7.308       7.308    
   6.80484915       8.266       7.752       7.752    
   6.72375059       8.573       8.174       8.174    
   6.64265203       10.04       8.569       8.569    
   6.56155348       10.50       8.930       8.930    
   6.48045492       9.650       9.251       9.251    
   6.39935637       9.510       9.528       9.528    
   6.31825781       9.695       9.756       9.756    
   6.23715925       10.52       9.930       9.930    
   6.15606070       9.966       10.05       10.05    
   6.07496214       9.993       10.11       10.11    
   5.99386358       9.424       10.11       10.11    
   5.91276503       9.405       10.05       10.05    
   5.83166647       8.182       9.929       9.929    
   5.75056791       8.221       9.755       9.755    
   5.66946936       10.02       9.528       9.528    
   5.58837080       8.815       9.251       9.251    
   5.50727224       9.204       8.929       8.929    
   5.42617369       8.105       8.568       8.568    
   5.34507513       9.366       8.173       8.173    
   5.26397657       8.757       7.751       7.751    
   5.18287802       6.442       7.307       7.307    
   5.10177946       7.431       6.848       6.848    
   5.02068090       7.068       6.380       6.380    
   4.93958235       5.821       5.909       5.909    
   4.85848379       5.423       5.441       5.441    
   4.77738523       5.055       4.980       4.980    
   4.69628668       4.423       4.532       4.532    
   4.61518812       3.520       4.099       4.099    
   4.53408957       2.627       3.686       3.686    
   4.45299101       2.550       3.296       3.296    
   4.37189245       2.850       2.929       2.929    
   4.29079390       3.328       2.588       2.588    
   4.20969534       2.199       2.273       2.273    
   4.12859678       2.728       1.985       1.985    
   4.04749823       1.957       1.723       1.723    
   3.96639967       2.139       1.486       1.486    
   3.88530111       2.813       1.275       1.275    
   3.80420256       1.421       1.087       1.087    
   3.72310400      0.6315      0.9219      0.9219    
   3.64200544      0.9296      0.7770      0.7770    
   3.56090689      0.6774      0.6510      0.6510    
   3.47980833     -0.1179      0.5422      0.5422    
   3.39870977      0.5540      0.4490      0.4490    
   3.31761122       1.104      0.3696      0.3696    
   3.23651266      0.2217      0.3024      0.3024    
   3.15541410      0.1568      0.2460      0.2460    
   3.07431555      0.5705      0.1990      0.1990    
   2.99321699      0.4193      0.1600      0.1600    
   2.91211843      0.6983      0.1278      0.1278    
   2.83101988      0.3538      0.1016      0.1016    
   2.74992132      0.7135      8.0231E-02  8.0231E-02
   2.66882277     -0.4382      6.2998E-02  6.2998E-02
   2.58772421      0.8478      4.9176E-02  4.9176E-02
   2.50662565     -0.4443      3.8161E-02  3.8161E-02
   2.42552710      0.4752      2.9439E-02  2.9439E-02
   2.34442854      0.2848      2.2577E-02  2.2577E-02
   2.26332998     -0.8802      1.7213E-02  1.7213E-02
   2.18223143     -0.5257      1.3046E-02  1.3046E-02
   2.10113287      0.1719      9.8297E-03  9.8297E-03
   2.02003431     -0.2445      7.3627E-03  7.3627E-03
   1.93893576     -0.2543      5.4825E-03  5.4825E-03
   1.85783720     -0.2392      4.0584E-03  4.0584E-03
   1.77673864      0.4392      2.9866E-03  2.9866E-03
   1.69564009     -7.7406E-02  2.1849E-03  2.1849E-03
   1.61454153      3.1831E-02  1.5890E-03  1.5890E-03
   1.53344297      0.5467      1.1488E-03  1.1488E-03
   1.45234442      0.5108      8.2570E-04  8.2570E-04
   1.37124586     -0.6335      5.8997E-04  5.8997E-04
   1.29014730      -1.168      4.1907E-04  4.1907E-04
   1.20904875      0.8079      2.9592E-04  2.9592E-04
   1.12795019     -5.7668E-02  2.0773E-04  2.0773E-04
   1.04685163      0.2380      1.4497E-04  1.4497E-04
  0.965753078      0.7171      1.0057E-04  1.0057E-04
  0.884654522     -0.4813      6.9360E-05  6.9360E-05
  0.803555965      0.3197      4.7555E-05  4.7555E-05
  0.722457409      0.2747      3.2413E-05  3.2413E-05
  0.641358852     -0.3329      2.1962E-05  2.1962E-05
  0.560260296     -0.5071      1.4794E-05  1.4794E-05
  0.479161739     -0.1796      9.9063E-06  9.9063E-06
  0.398063183      0.5838      6.5946E-06  6.5946E-06
  0.316964626      -1.102      4.3641E-06  4.3641E-06
  0.235866070      0.1999      2.8711E-06  2.8711E-06
  0.154767513     -0.2386      1.8778E-06  1.8778E-06
  7.366895676E-02 -0.5062      1.2209E-06  1.2209E-06
 -7.429599762E-03 -0.1607       0.000       0.000    
 -8.852815628E-02 -0.3017       0.000       0.000    
 -0.169626713      0.2194       0.000       0.000    
 -0.250725269     -8.0212E-02   0.000       0.000    
 -0.331823826      0.5050       0.000       0.000    
 -0.412922382      0.1285       0.000       0.000    
 -0.494020939       1.078       0.000       0.000    
 -0.575119495       1.423       0.000       0.000    
 -0.656218052      6.2397E-02   0.000       0.000    
 -0.737316608     -0.8561       0.000       0.000    
 -0.818415165     -0.1706       0.000       0.000    
 -0.899513721      7.5627E-03   0.000       0.000    
 -0.980612278     -0.8620       0.000       0.000    
  -1.06171083     -0.1279       0.000       0.000    
  -1.14280939      5.1473E-02   0.000       0.000    
  -1.22390795     -3.4265E-02   0.000       0.000    
  -1.30500650      0.4182       0.000       0.000    
  -1.38610506      0.8268       0.000       0.000    
  -1.46720362     -0.1884       0.000       0.000    
  -1.54830217      0.4366       0.000       0.000    
  -1.62940073     -8.1827E-02   0.000       0.000    
  -1.71049929     -0.3203       0.000       0.000    
  -1.79159784     -0.1318       0.000       0.000    
  -1.87269640     -0.1019       0.000       0.000    
  -1.95379496      0.3330       0.000       0.000    
  -2.03489351     -0.3432       0.000       0.000    
  -2.11599207     -9.7699E-02   0.000       0.000    
  -2.19709063     -0.2274       0.000       0.000    
  -2.27818918     -0.4778       0.000       0.000    
  -2.35928774     -0.6667       0.000       0.000    
  -2.44038630     -0.5862       0.000       0.000    
  -2.52148485      0.3464       0.000       0.000    
  -2.60258341      0.6586       0.000       0.000    
  -2.68368196      0.2174       0.000       0.000    
  -2.76478052      0.2516       0.000       0.000    
  -2.84587908     -0.1254       0.000       0.000    
  -2.92697763      0.2525       0.000       0.000    
  -3.00807619       1.203       0.000       0.000    
  -3.08917475       1.312       0.000       0.000    
  -3.17027330      0.1673       0.000       0.000    
  -3.25137186      0.5742       0.000       0.000    
  -3.33247042      0.2146       0.000       0.000    
  -3.41356897     -0.4016       0.000       0.000    
  -3.49466753     -0.1570       0.000       0.000    
  -3.57576609      0.2280       0.000       0.000    
  -3.65686464      0.1737       0.000       0.000    
  -3.73796320       1.373       0.000       0.000    
  -3.81906176      0.8873       0.000       0.000    
  -3.90016031      0.3249       0.000       0.000    
