   48.9841585     -0.8682       0.000       0.000    
   46.2172556     -0.7257       0.000       0.000    
   43.4503527     -6.2491E-02   0.000       0.000    
   40.6834497      0.1364       0.000       0.000    
   37.9165468     -0.1885       0.000       0.000    
   35.1496439     -0.6112       0.000       0.000    
   32.3827410     -0.3828       0.000       0.000    
   29.6158381     -0.6777       0.000       0.000    
   26.8489351     -0.4979       0.000       0.000    
   24.0820322     -0.6754       0.000       0.000    
   21.3151293     -0.7646       0.000       0.000    
   18.5482264     -0.7860       0.000       0.000    
   15.7813234     -0.6910       0.000       0.000    
   13.0144205     -0.3319      1.0422E-02  1.0422E-02
   10.2475176       2.890       2.932       2.932    
   7.48061466       29.77       29.76       29.76    
   4.71371174       10.86       10.89       10.89    
   1.94680882       1.085      0.1438      0.1438    
 -0.820094109     -0.1740      6.8509E-05  6.8509E-05
  -3.58699703     -0.4105       0.000       0.000    
  -6.35389996     -0.5719       0.000       0.000    
  -9.12080288     -0.6864       0.000       0.000    
  -11.8877058     -0.8515       0.000       0.000    
  -14.6546087     -0.6205       0.000       0.000    
  -17.4215117     -0.7272       0.000       0.000    
  -20.1884146     -0.8414       0.000       0.000    
  -22.9553175     -0.9515       0.000       0.000    
  -25.7222204     -0.8034       0.000       0.000    
  -28.4891233     -0.5333       0.000       0.000    
  -31.2560263     -0.5329       0.000       0.000    
