   47.7011814     -2.6962E-02   0.000       0.000    
   44.9343128     -2.6083E-02   0.000       0.000    
   42.1674442     -7.0990E-02   0.000       0.000    
   39.4005756      7.4104E-02   0.000       0.000    
   36.6337070      2.7346E-02   0.000       0.000    
   33.8668385      2.3972E-02   0.000       0.000    
   31.0999699     -8.8373E-02   0.000       0.000    
   28.3331013      5.0113E-02   0.000       0.000    
   25.5662327     -9.9159E-02   0.000       0.000    
   22.7993641     -3.1811E-02   0.000       0.000    
   20.0324955      3.7198E-02   0.000       0.000    
   17.2656269     -0.1455      8.4846E-06  8.4846E-06
   14.4987583     -1.1363E-03  3.0564E-03  3.0564E-03
   11.7318897      0.1315      0.1286      0.1286    
   8.96502113      0.6308      0.6324      0.6324    
   6.19815254      0.3659      0.3633      0.3633    
   3.43128395      1.1445E-02  2.4378E-02  2.4378E-02
  0.664415359     -7.0995E-03  1.9112E-04  1.9112E-04
  -2.10245323     -2.5176E-02  1.7505E-07  1.7505E-07
  -4.86932182     -3.4803E-03   0.000       0.000    
  -7.63619041     -9.4335E-02   0.000       0.000    
  -10.4030590     -0.1350       0.000       0.000    
  -13.1699276     -0.1324       0.000       0.000    
  -15.9367962      2.0235E-02   0.000       0.000    
  -18.7036648      3.3775E-02   0.000       0.000    
  -21.4705334      3.7012E-02   0.000       0.000    
  -24.2374020      3.5279E-02   0.000       0.000    
  -27.0042706     -4.5515E-02   0.000       0.000    
  -29.7711391     -5.2864E-02   0.000       0.000    
  -32.5380077      4.2244E-02   0.000       0.000    
