   17.0162506      0.4196       0.000       0.000    
   16.9351540      -1.958       0.000       0.000    
   16.8540573     -0.3149       0.000       0.000    
   16.7729607      0.3590       0.000       0.000    
   16.6918640     -0.3172       0.000       0.000    
   16.6107674     -0.6099       0.000       0.000    
   16.5296707     -0.5432       0.000       0.000    
   16.4485741      0.3586       0.000       0.000    
   16.3674774     -0.8774       0.000       0.000    
   16.2863808      0.2055       0.000       0.000    
   16.2052841      0.6649       0.000       0.000    
   16.1241875      0.5015       0.000       0.000    
   16.0430908     -0.5571       0.000       0.000    
   15.9619942      0.3449       0.000       0.000    
   15.8808975      0.7555       0.000       0.000    
   15.7998009      3.1274E-02   0.000       0.000    
   15.7187042      4.2171E-02   0.000       0.000    
   15.6376076      0.2510       0.000       0.000    
   15.5565109      0.3762       0.000       0.000    
   15.4754143     -0.2165       0.000       0.000    
   15.3943176     -0.2013       0.000       0.000    
   15.3132210     -0.7005       0.000       0.000    
   15.2321243     -0.6923       0.000       0.000    
   15.1510277     -0.1584       0.000       0.000    
   15.0699310      0.5679       0.000       0.000    
   14.9888344      0.2181       0.000       0.000    
   14.9077377      0.4309       0.000       0.000    
   14.8266411     -0.3656       0.000       0.000    
   14.7455444     -0.2007       0.000       0.000    
   14.6644478      0.3545       0.000       0.000    
   14.5833511      0.9620       0.000       0.000    
   14.5022545     -0.2969       0.000       0.000    
   14.4211578     -0.6506       0.000       0.000    
   14.3400612     -0.2665       0.000       0.000    
   14.2589645      0.3573       0.000       0.000    
   14.1778679     -8.5477E-02   0.000       0.000    
   14.0967712      0.6329       0.000       0.000    
   14.0156746      0.9067       0.000       0.000    
   13.9345779      0.4487       0.000       0.000    
   13.8534813       1.187       0.000       0.000    
   13.7723846      0.3276       0.000       0.000    
   13.6912880     -8.5868E-02   0.000       0.000    
   13.6101913      -1.309       0.000       0.000    
   13.5290947     -0.4630       0.000       0.000    
   13.4479980     -0.9074       0.000       0.000    
   13.3669014      6.4884E-02   0.000       0.000    
   13.2858047      0.7131       0.000       0.000    
   13.2047081      0.4339       0.000       0.000    
   13.1236115     -0.6604       0.000       0.000    
   13.0425148     -0.4308       0.000       0.000    
   12.9614182       1.421       0.000       0.000    
   12.8803215     -0.1646       0.000       0.000    
   12.7992249     -7.5507E-02   0.000       0.000    
   12.7181282     -1.6546E-02   0.000       0.000    
   12.6370316     -0.2900       0.000       0.000    
   12.5559349     -0.2790       0.000       0.000    
   12.4748383     -2.9296E-02   0.000       0.000    
   12.3937416      0.5150       0.000       0.000    
   12.3126450     -0.2594       0.000       0.000    
   12.2315483     -0.3358       0.000       0.000    
   12.1504517      6.0570E-03   0.000       0.000    
   12.0693550     -0.4872       0.000       0.000    
   11.9882584      -1.152       0.000       0.000    
   11.9071617     -0.9774       0.000       0.000    
   11.8260651     -0.8552       0.000       0.000    
   11.7449684      0.1286       0.000       0.000    
   11.6638718      -1.063       0.000       0.000    
   11.5827751     -0.4297       0.000       0.000    
   11.5016785     -0.4748       0.000       0.000    
   11.4205818      -1.151       0.000       0.000    
   11.3394852      -1.703       0.000       0.000    
   11.2583885      0.1021       0.000       0.000    
   11.1772919     -0.1170       0.000       0.000    
   11.0961952      0.3000       0.000       0.000    
   11.0150986     -0.5430       0.000       0.000    
   10.9340019     -0.4727       0.000       0.000    
   10.8529053      0.8655       0.000       0.000    
   10.7718086     -0.5401       0.000       0.000    
   10.6907120      0.5773       0.000       0.000    
   10.6096153      0.1864       0.000       0.000    
   10.5285187      5.2264E-02   0.000       0.000    
   10.4474220      0.1509       0.000       0.000    
   10.3663254      0.5453       0.000       0.000    
   10.2852287      0.4314       0.000       0.000    
   10.2041321     -0.2219       0.000       0.000    
   10.1230354      0.3955       0.000       0.000    
   10.0419388     -0.6800       0.000       0.000    
   9.96084213      3.7670E-02   0.000       0.000    
   9.87974548      0.5310       0.000       0.000    
   9.79864883      3.5781E-02   0.000       0.000    
   9.71755219     -0.3191       0.000       0.000    
   9.63645554     -0.2054      1.7655E-07  1.7655E-07
   9.55535889      0.3380      4.2422E-07  4.2422E-07
   9.47426224      0.6132      9.9376E-07  9.9376E-07
   9.39316559      0.8767      2.2696E-06  2.2696E-06
   9.31206894     -0.5178      5.0533E-06  5.0533E-06
   9.23097229      0.9997      1.0969E-05  1.0969E-05
   9.14987564     -5.2025E-02  2.3213E-05  2.3213E-05
   9.06877899      0.2796      4.7892E-05  4.7892E-05
   8.98768234      0.5630      9.6331E-05  9.6331E-05
   8.90658569      0.1088      1.8890E-04  1.8890E-04
   8.82548904       1.188      3.6113E-04  3.6113E-04
   8.74439240      9.3091E-02  6.7307E-04  6.7307E-04
   8.66329575     -0.2678      1.2230E-03  1.2230E-03
   8.58219910      0.9374      2.1665E-03  2.1665E-03
   8.50110245      0.5688      3.7416E-03  3.7416E-03
   8.42000580     -1.4473E-02  6.2998E-03  6.2998E-03
   8.33890915      0.5976      1.0341E-02  1.0341E-02
   8.25781250     -0.1038      1.6549E-02  1.6549E-02
   8.17671585      0.3038      2.5818E-02  2.5818E-02
   8.09561920     -0.1026      3.9270E-02  3.9270E-02
   8.01452255      5.5753E-02  5.8232E-02  5.8232E-02
   7.93342590     -0.5926      8.4185E-02  8.4185E-02
   7.85232925     -0.6214      0.1187      0.1187    
   7.77123260     -0.2182      0.1630      0.1630    
   7.69013596      0.6750      0.2184      0.2184    
   7.60903931      0.6536      0.2852      0.2852    
   7.52794266      0.8838      0.3631      0.3631    
   7.44684601       1.023      0.4508      0.4508    
   7.36574936      0.6187      0.5455      0.5455    
   7.28465271     -7.2610E-02  0.6436      0.6436    
   7.20355606      0.4614      0.7402      0.7402    
   7.12245941      0.9712      0.8300      0.8300    
   7.04136276      0.6679      0.9074      0.9074    
   6.96026611      0.6638      0.9671      0.9671    
   6.87916946      0.7766       1.005       1.005    
   6.79807281       1.484       1.018       1.018    
   6.71697617       1.849       1.005       1.005    
   6.63587952       1.409      0.9679      0.9679    
   6.55478287      0.5458      0.9085      0.9085    
   6.47368622     -0.4553      0.8314      0.8314    
   6.39258957      0.8174      0.7418      0.7418    
   6.31149292       1.172      0.6452      0.6452    
   6.23039627      0.8460      0.5471      0.5471    
   6.14929962      0.7242      0.4523      0.4523    
   6.06820297     -0.1276      0.3645      0.3645    
   5.98710632     -0.2661      0.2864      0.2864    
   5.90600967      0.5471      0.2194      0.2194    
   5.82491302      9.6164E-03  0.1638      0.1638    
   5.74381638      0.3870      0.1193      0.1193    
   5.66271973      0.9103      8.4674E-02  8.4674E-02
   5.58162308     -0.6634      5.8595E-02  5.8595E-02
   5.50052643     -0.3889      3.9531E-02  3.9531E-02
   5.41942978     -0.5585      2.6001E-02  2.6001E-02
   5.33833313      0.3421      1.6672E-02  1.6672E-02
   5.25723648       1.357      1.0423E-02  1.0423E-02
   5.17613983      0.6884      6.3522E-03  6.3522E-03
   5.09504318     -0.4035      3.7743E-03  3.7743E-03
   5.01394653       1.280      2.1863E-03  2.1863E-03
   4.93284988      0.5383      1.2347E-03  1.2347E-03
   4.85175323       1.084      6.7980E-04  6.7980E-04
   4.77065659     -0.4004      3.6489E-04  3.6489E-04
   4.68955994     -0.1981      1.9095E-04  1.9095E-04
   4.60846329      0.3723      9.7414E-05  9.7414E-05
   4.52736664      9.8839E-02  4.8451E-05  4.8451E-05
   4.44626999      0.1674      2.3494E-05  2.3494E-05
   4.36517334       1.471      1.1106E-05  1.1106E-05
   4.28407669      0.8218      5.1186E-06  5.1186E-06
   4.20298004      0.4949      2.2999E-06  2.2999E-06
   4.12188339      0.8820      1.0074E-06  1.0074E-06
   4.04078674     -0.7188      4.3024E-07  4.3024E-07
   3.95969009      -1.179      1.7913E-07  1.7913E-07
   3.87859344       1.686       0.000       0.000    
   3.79749680       1.205       0.000       0.000    
   3.71640015      0.6906       0.000       0.000    
   3.63530350     -0.4244       0.000       0.000    
   3.55420685     -0.3142       0.000       0.000    
   3.47311020     -0.1040       0.000       0.000    
   3.39201355     -2.5355E-02   0.000       0.000    
   3.31091690      0.4965       0.000       0.000    
   3.22982025     -0.7704       0.000       0.000    
   3.14872360     -0.4240       0.000       0.000    
   3.06762695     -0.8979       0.000       0.000    
   2.98653030      0.4697       0.000       0.000    
   2.90543365       1.336       0.000       0.000    
   2.82433701      0.4353       0.000       0.000    
   2.74324036       1.326       0.000       0.000    
   2.66214371      0.8584       0.000       0.000    
   2.58104706     -0.2791       0.000       0.000    
   2.49995041     -0.3860       0.000       0.000    
   2.41885376      -1.139       0.000       0.000    
   2.33775711     -0.2121       0.000       0.000    
   2.25666046     -0.6182       0.000       0.000    
   2.17556381      0.4416       0.000       0.000    
   2.09446716     -0.3941       0.000       0.000    
   2.01337051      0.1729       0.000       0.000    
   1.93227386      0.3618       0.000       0.000    
   1.85117722     -0.2691       0.000       0.000    
   1.77008057     -0.4603       0.000       0.000    
   1.68898392      0.4504       0.000       0.000    
   1.60788727      0.1810       0.000       0.000    
   1.52679062     -0.2618       0.000       0.000    
   1.44569397      0.4914       0.000       0.000    
   1.36459732     -0.3282       0.000       0.000    
   1.28350067     -0.1543       0.000       0.000    
   1.20240402     -0.4249       0.000       0.000    
   1.12130737     -0.4554       0.000       0.000    
   1.04021072     -0.4318       0.000       0.000    
  0.959114075     -0.8211       0.000       0.000    
  0.878017426      0.8681       0.000       0.000    
  0.796920776      0.3352       0.000       0.000    
  0.715824127      0.5273       0.000       0.000    
  0.634727478     -0.7476       0.000       0.000    
  0.553630829     -0.3808       0.000       0.000    
  0.472534180       1.239       0.000       0.000    
  0.391437531      0.3061       0.000       0.000    
  0.310340881      0.2262       0.000       0.000    
  0.229244232      0.1325       0.000       0.000    
  0.148147583     -0.3301       0.000       0.000    
  6.705093384E-02 -0.3209       0.000       0.000    
 -1.404571533E-02  0.7225       0.000       0.000    
 -9.514236450E-02 -0.2032       0.000       0.000    
 -0.176239014     -0.8153       0.000       0.000    
 -0.257335663      0.3078       0.000       0.000    
 -0.338432312      0.4117       0.000       0.000    
 -0.419528961      0.6590       0.000       0.000    
 -0.500625610      0.4203       0.000       0.000    
 -0.581722260     -0.5013       0.000       0.000    
 -0.662818909     -0.9728       0.000       0.000    
 -0.743915558     -0.3323       0.000       0.000    
 -0.825012207     -0.1054       0.000       0.000    
 -0.906108856     -0.1405       0.000       0.000    
 -0.987205505      0.6450       0.000       0.000    
  -1.06830215      0.8035       0.000       0.000    
  -1.14939880      0.1066       0.000       0.000    
  -1.23049545     -7.0565E-02   0.000       0.000    
  -1.31159210      0.5908       0.000       0.000    
  -1.39268875      0.5552       0.000       0.000    
  -1.47378540     -6.9472E-02   0.000       0.000    
  -1.55488205      0.2513       0.000       0.000    
  -1.63597870      -1.189       0.000       0.000    
  -1.71707535      0.4254       0.000       0.000    
  -1.79817200      0.6317       0.000       0.000    
  -1.87926865     -0.3935       0.000       0.000    
  -1.96036530      -1.099       0.000       0.000    
  -2.04146194     -0.6773       0.000       0.000    
  -2.12255859      -1.503       0.000       0.000    
  -2.20365524      0.6009       0.000       0.000    
  -2.28475189      0.1101       0.000       0.000    
  -2.36584854      0.1705       0.000       0.000    
  -2.44694519      0.7766       0.000       0.000    
  -2.52804184      2.3560E-02   0.000       0.000    
  -2.60913849     -0.2642       0.000       0.000    
  -2.69023514      0.4145       0.000       0.000    
  -2.77133179     -0.5442       0.000       0.000    
  -2.85242844     -0.8415       0.000       0.000    
  -2.93352509      -2.052       0.000       0.000    
  -3.01462173     -3.0542E-02   0.000       0.000    
