   48.5428429      0.1830       0.000       0.000    
   46.0155640      0.1359       0.000       0.000    
   43.4882851      0.2986       0.000       0.000    
   40.9610062      0.2334       0.000       0.000    
   38.4337273      0.1865       0.000       0.000    
   35.9064484      0.1782       0.000       0.000    
   33.3791695      9.0882E-03   0.000       0.000    
   30.8518906      2.0076E-02   0.000       0.000    
   28.3246117     -2.3386E-03   0.000       0.000    
   25.7973328     -6.6692E-02   0.000       0.000    
   23.2700539      8.3450E-02   0.000       0.000    
   20.7427750     -9.4574E-02   0.000       0.000    
   18.2154961     -0.1229       0.000       0.000    
   15.6882172     -9.7787E-02  6.0005E-08  6.0005E-08
   13.1609383     -0.1255      1.8865E-03  1.8865E-03
   10.6336594      0.2338      0.2317      0.2317    
   8.10638046      0.1087      0.1111      0.1111    
   5.57910156      7.5727E-02  2.0825E-04  2.0825E-04
   3.05182266     -5.9770E-03   0.000       0.000    
  0.524543762     -0.1002       0.000       0.000    
  -2.00273514     -7.6399E-02   0.000       0.000    
  -4.53001404      6.9301E-02   0.000       0.000    
  -7.05729294     -4.9198E-04   0.000       0.000    
  -9.58457184     -6.3906E-02   0.000       0.000    
  -12.1118507      5.1306E-02   0.000       0.000    
  -14.6391296      5.7116E-02   0.000       0.000    
  -17.1664085     -0.1030       0.000       0.000    
  -19.6936874     -1.4051E-02   0.000       0.000    
  -22.2209663     -1.4450E-02   0.000       0.000    
  -24.7482452     -0.1344       0.000       0.000    
  -27.2755241     -2.2453E-02   0.000       0.000    
  -29.8028030      9.8619E-02   0.000       0.000    
  -32.3300819      0.2291       0.000       0.000    
