   45.7681179     -3.9438E-02   0.000       0.000    
   43.0010357     -1.1859E-02   0.000       0.000    
   40.2339535     -9.8490E-02   0.000       0.000    
   37.4668713     -9.2556E-02   0.000       0.000    
   34.6997890      8.3664E-02   0.000       0.000    
   31.9327068      4.8846E-02   0.000       0.000    
   29.1656246     -2.7794E-02   0.000       0.000    
   26.3985424      4.3573E-02   0.000       0.000    
   23.6314602      0.1165       0.000       0.000    
   20.8643780      6.6949E-02   0.000       0.000    
   18.0972958     -2.1649E-02   0.000       0.000    
   15.3302135      4.9074E-02  2.8151E-05  2.8151E-05
   12.5631313      5.6512E-02  1.2969E-02  1.2969E-02
   9.79604912      0.5214      0.5389      0.5389    
   7.02896690       2.032       2.020       2.020    
   4.26188469      0.6479      0.6829      0.6829    
   1.49480247      0.3931      2.0825E-02  2.0825E-02
  -1.27227974      0.1456      5.7279E-05  5.7279E-05
  -4.03936195      0.1572       0.000       0.000    
  -6.80644417      0.1047       0.000       0.000    
  -9.57352638     -0.1806       0.000       0.000    
  -12.3406086     -9.7942E-02   0.000       0.000    
  -15.1076908     -1.6420E-03   0.000       0.000    
  -17.8747730     -2.9681E-02   0.000       0.000    
  -20.6418552     -6.3504E-02   0.000       0.000    
  -23.4089375     -9.6785E-02   0.000       0.000    
  -26.1760197     -9.9525E-02   0.000       0.000    
  -28.9431019     -0.2573       0.000       0.000    
  -31.7101841     -0.1249       0.000       0.000    
  -34.4772663     -2.2226E-02   0.000       0.000    
