   48.2954102     -6.2849E-02   0.000       0.000    
   45.7681618      6.5074E-02   0.000       0.000    
   43.2409134      0.1511       0.000       0.000    
   40.7136650      2.7977E-02   0.000       0.000    
   38.1864166      0.1388       0.000       0.000    
   35.6591682      8.3114E-02   0.000       0.000    
   33.1319199     -2.5038E-02   0.000       0.000    
   30.6046715      0.2058       0.000       0.000    
   28.0774231      0.3189       0.000       0.000    
   25.5501747      0.1374       0.000       0.000    
   23.0229263      6.9270E-02   0.000       0.000    
   20.4956779      9.9202E-04   0.000       0.000    
   17.9684296      1.5449E-02   0.000       0.000    
   15.4411812      0.2232       0.000       0.000    
   12.9139328     -0.1103      2.4210E-04  2.4210E-04
   10.3866844      7.0859E-02  6.9764E-02  6.9764E-02
   7.85943604      0.3848      0.3850      0.3850    
   5.33218765      4.1025E-02  4.0675E-02  4.0675E-02
   2.80493927      5.0910E-02  8.2297E-05  8.2297E-05
  0.277690887     -8.6109E-03   0.000       0.000    
  -2.24955750     -2.4366E-02   0.000       0.000    
  -4.77680588     -3.0991E-02   0.000       0.000    
  -7.30405426     -0.1684       0.000       0.000    
  -9.83130264     -4.4418E-02   0.000       0.000    
  -12.3585510      3.6478E-02   0.000       0.000    
  -14.8857994      1.9113E-02   0.000       0.000    
  -17.4130478     -0.1601       0.000       0.000    
  -19.9402962      0.1312       0.000       0.000    
  -22.4675446      0.1096       0.000       0.000    
  -24.9947929     -3.8318E-02   0.000       0.000    
  -27.5220413      1.3272E-02   0.000       0.000    
  -30.0492897      0.1413       0.000       0.000    
  -32.5765381      0.2080       0.000       0.000    
