   48.0158672     -7.9733E-02   0.000       0.000    
   45.2488117     -6.8935E-02   0.000       0.000    
   42.4817562      0.1013       0.000       0.000    
   39.7147007      0.1582       0.000       0.000    
   36.9476452     -8.4998E-02   0.000       0.000    
   34.1805897     -4.6287E-02   0.000       0.000    
   31.4135342      0.1401       0.000       0.000    
   28.6464787      4.5958E-03   0.000       0.000    
   25.8794231      1.3529E-02   0.000       0.000    
   23.1123676      0.2722       0.000       0.000    
   20.3453121     -9.8810E-02   0.000       0.000    
   17.5782566     -3.0636E-02   0.000       0.000    
   14.8112011      5.2404E-02   0.000       0.000    
   12.0441456      0.1115      1.2100E-02  1.2100E-02
   9.27709007       3.200       3.201       3.201    
   6.51003456       14.38       14.37       14.37    
   3.74297905       1.094       1.096       1.096    
  0.975923538      0.1583      1.4189E-03  1.4189E-03
  -1.79113197     -0.1530       0.000       0.000    
  -4.55818748      0.1611       0.000       0.000    
  -7.32524300      0.3849       0.000       0.000    
  -10.0922985     -0.1326       0.000       0.000    
  -12.8593540     -5.1022E-02   0.000       0.000    
  -15.6264095     -2.7898E-02   0.000       0.000    
  -18.3934650     -6.6840E-02   0.000       0.000    
  -21.1605206     -0.1015       0.000       0.000    
  -23.9275761     -0.1372       0.000       0.000    
  -26.6946316     -0.1037       0.000       0.000    
  -29.4616871     -9.7505E-02   0.000       0.000    
  -32.2287426     -7.4453E-03   0.000       0.000    
