   45.4876804      2.1261E-02   0.000       0.000    
   42.7206478     -4.8810E-02   0.000       0.000    
   39.9536152      9.8401E-02   0.000       0.000    
   37.1865826     -2.5775E-02   0.000       0.000    
   34.4195499      0.1646       0.000       0.000    
   31.6525173      8.8639E-02   0.000       0.000    
   28.8854847     -0.1304       0.000       0.000    
   26.1184521      8.2043E-02   0.000       0.000    
   23.3514194      0.3075       0.000       0.000    
   20.5843868     -1.2654E-02   0.000       0.000    
   17.8173542     -0.1172       0.000       0.000    
   15.0503216     -7.4983E-03  3.4077E-05  3.4077E-05
   12.2832890     -6.0326E-03  2.2066E-02  2.2066E-02
   9.51625633       1.263       1.328       1.328    
   6.74922371       7.472       7.436       7.436    
   3.98219109       3.801       3.870       3.870    
   1.21515846      0.6663      0.1872      0.1872    
  -1.55187416      5.5625E-02  8.4230E-04  8.4230E-04
  -4.31890678     -0.1151       0.000       0.000    
  -7.08593941      8.0910E-02   0.000       0.000    
  -9.85297203     -0.1328       0.000       0.000    
  -12.6200047     -7.3318E-02   0.000       0.000    
  -15.3870373     -7.7664E-02   0.000       0.000    
  -18.1540699     -9.1482E-02   0.000       0.000    
  -20.9211025     -0.1077       0.000       0.000    
  -23.6881351     -0.1259       0.000       0.000    
  -26.4551678     -0.1109       0.000       0.000    
  -29.2222004     -8.7506E-02   0.000       0.000    
  -31.9892330      5.9972E-02   0.000       0.000    
  -34.7562656      6.7626E-02   0.000       0.000    
