   18.1395416      0.2107       0.000       0.000       0.000    
   18.0539436      0.6178       0.000       0.000       0.000    
   17.9683456     -0.2247       0.000       0.000       0.000    
   17.8827477     -0.2704       0.000       0.000       0.000    
   17.7971497     -0.1354       0.000       0.000       0.000    
   17.7115517     -0.3011       0.000       0.000       0.000    
   17.6259537      9.1396E-02   0.000       0.000       0.000    
   17.5403557      0.1820       0.000       0.000       0.000    
   17.4547577     -0.1893       0.000       0.000       0.000    
   17.3691597      5.4586E-02   0.000       0.000       0.000    
   17.2835617     -0.3120       0.000       0.000       0.000    
   17.1979637     -0.1738       0.000       0.000       0.000    
   17.1123657      0.4077       0.000       0.000       0.000    
   17.0267677     -0.2874       0.000       0.000       0.000    
   16.9411697     -0.2392       0.000       0.000       0.000    
   16.8555717      0.2397       0.000       0.000       0.000    
   16.7699738     -0.2461       0.000       0.000       0.000    
   16.6843758      0.3905       0.000       0.000       0.000    
   16.5987778      0.3252       0.000       0.000       0.000    
   16.5131798      1.1678E-02  3.8310E-07   0.000      3.8310E-07
   16.4275818      0.5870      5.8199E-07   0.000      5.8199E-07
   16.3419838      0.1292      8.7922E-07   0.000      8.7922E-07
   16.2563858      0.5255      1.3209E-06   0.000      1.3209E-06
   16.1707878      0.1589      1.9736E-06   0.000      1.9736E-06
   16.0851898     -9.0534E-02  2.9323E-06   0.000      2.9323E-06
   15.9995918     -2.1393E-02  4.3327E-06   0.000      4.3327E-06
   15.9139938     -0.8163      6.3666E-06   0.000      6.3666E-06
   15.8283958      0.7772      9.3034E-06   0.000      9.3034E-06
   15.7427979      0.6040      1.3520E-05   0.000      1.3520E-05
   15.6571999     -0.2755      1.9538E-05   0.000      1.9538E-05
   15.5716019      0.1163      2.8080E-05   0.000      2.8080E-05
   15.4860039     -0.3478      4.0133E-05   0.000      4.0133E-05
   15.4004059      0.5842      5.7041E-05   0.000      5.7041E-05
   15.3148079      0.6597      8.0625E-05   0.000      8.0625E-05
   15.2292099     -0.2256      1.1333E-04   0.000      1.1333E-04
   15.1436119      0.2442      1.5842E-04   0.000      1.5842E-04
   15.0580139      0.4779      2.2023E-04   0.000      2.2023E-04
   14.9724159      0.4532      3.0445E-04   0.000      3.0445E-04
   14.8868179      7.4413E-02  4.1856E-04   0.000      4.1856E-04
   14.8012199      0.1612      5.7225E-04   0.000      5.7225E-04
   14.7156219      0.1201      7.7805E-04   0.000      7.7805E-04
   14.6300240     -0.1481      1.0520E-03   0.000      1.0520E-03
   14.5444260     -0.1273      1.4146E-03   0.000      1.4146E-03
   14.4588280      0.6755      1.8916E-03   0.000      1.8916E-03
   14.3732300       1.090      2.5154E-03   0.000      2.5154E-03
   14.2876320      0.1301      3.3272E-03  6.8045E-07  3.3265E-03
   14.2020340      0.2279      4.3758E-03  9.6789E-07  4.3748E-03
   14.1164360      0.7100      5.7231E-03  1.3713E-06  5.7217E-03
   14.0308380      0.5768      7.4437E-03  1.9350E-06  7.4418E-03
   13.9452400     -0.2373      9.6282E-03  2.7196E-06  9.6255E-03
   13.8596420      0.1882      1.2385E-02  3.8073E-06  1.2381E-02
   13.7740440     -0.5193      1.5843E-02  5.3086E-06  1.5837E-02
   13.6884460     -0.2857      2.0154E-02  7.3726E-06  2.0147E-02
   13.6028481      0.2466      2.5497E-02  1.0198E-05  2.5487E-02
   13.5172501      0.2469      3.2078E-02  1.4051E-05  3.2064E-02
   13.4316521     -9.0566E-02  4.0134E-02  1.9282E-05  4.0115E-02
   13.3460541      0.2738      4.9936E-02  2.6355E-05  4.9910E-02
   13.2604561      0.9399      6.1790E-02  3.5880E-05  6.1754E-02
   13.1748581      0.5379      7.6034E-02  4.8652E-05  7.5985E-02
   13.0892601      0.5487      9.3045E-02  6.5709E-05  9.2979E-02
   13.0036621      0.6522      0.1132      8.8392E-05  0.1131    
   12.9180641     -0.1908      0.1370      1.1843E-04  0.1369    
   12.8324661      0.2821      0.1649      1.5805E-04  0.1648    
   12.7468681      0.9926      0.1974      2.1009E-04  0.1972    
   12.6612701      0.8487      0.2350      2.7814E-04  0.2347    
   12.5756721      0.2434      0.2782      3.6677E-04  0.2778    
   12.4900742     -0.2948      0.3275      4.8173E-04  0.3270    
   12.4044762      0.3025      0.3834      6.3019E-04  0.3828    
   12.3188782      0.3175      0.4464      8.2114E-04  0.4456    
   12.2332802      0.5244      0.5169      1.0657E-03  0.5158    
   12.1476822      0.5847      0.5952      1.3775E-03  0.5938    
   12.0620842      0.5935      0.6816      1.7736E-03  0.6798    
   11.9764862      0.6581      0.7763      2.2744E-03  0.7740    
   11.8908882      0.4957      0.8793      2.9051E-03  0.8764    
   11.8052902      0.4537      0.9904      3.6958E-03  0.9867    
   11.7196922       1.135       1.110      4.6831E-03   1.105    
   11.6340942       1.114       1.236      5.9106E-03   1.230    
   11.5484962       1.667       1.370      7.4300E-03   1.362    
   11.4628983       1.878       1.510      9.3030E-03   1.500    
   11.3773003       2.051       1.655      1.1602E-02   1.643    
   11.2917023       1.556       1.804      1.4411E-02   1.790    
   11.2061043       2.062       1.956      1.7829E-02   1.938    
   11.1205063       2.244       2.110      2.1970E-02   2.088    
   11.0349083       2.095       2.263      2.6965E-02   2.236    
   10.9493103       2.299       2.415      3.2965E-02   2.382    
   10.8637123       2.150       2.564      4.0139E-02   2.524    
   10.7781143       2.792       2.707      4.8680E-02   2.659    
   10.6925163       3.446       2.844      5.8803E-02   2.785    
   10.6069183       2.531       2.973      7.0749E-02   2.902    
   10.5213203       2.492       3.091      8.4783E-02   3.007    
   10.4357224       3.030       3.199      0.1012       3.098    
   10.3501244       3.401       3.295      0.1203       3.174    
   10.2645264       2.931       3.377      0.1425       3.235    
   10.1789284       3.308       3.446      0.1680       3.278    
   10.0933304       4.211       3.500      0.1974       3.303    
   10.0077324       4.383       3.541      0.2309       3.310    
   9.92213440       4.024       3.568      0.2691       3.299    
   9.83653641       3.763       3.582      0.3124       3.270    
   9.75093842       3.477       3.584      0.3612       3.223    
   9.66534042       3.696       3.575      0.4159       3.159    
   9.57974243       3.771       3.556      0.4770       3.079    
   9.49414444       3.612       3.530      0.5449       2.985    
   9.40854645       3.240       3.498      0.6201       2.878    
   9.32294846       2.817       3.461      0.7027       2.759    
   9.23735046       3.072       3.423      0.7933       2.630    
   9.15175247       3.041       3.386      0.8919       2.494    
   9.06615448       2.948       3.350      0.9988       2.351    
   8.98055649       3.479       3.319       1.114       2.205    
   8.89495850       3.323       3.293       1.238       2.056    
   8.80936050       3.220       3.276       1.369       1.906    
   8.72376251       3.356       3.267       1.509       1.758    
   8.63816452       3.310       3.269       1.657       1.612    
   8.55256653       3.246       3.282       1.812       1.470    
   8.46696854       3.278       3.306       1.973       1.333    
   8.38137054       3.172       3.343       2.140       1.203    
   8.29577255       3.847       3.391       2.312       1.079    
   8.21017456       3.899       3.450       2.488      0.9623    
   8.12457657       4.171       3.520       2.667      0.8536    
   8.03897858       4.006       3.600       2.847      0.7530    
   7.95338058       3.357       3.688       3.027      0.6606    
   7.86778259       3.331       3.782       3.206      0.5763    
   7.78218460       4.033       3.882       3.382      0.5000    
   7.69658661       3.775       3.984       3.553      0.4314    
   7.61098862       3.303       4.088       3.718      0.3702    
   7.52539062       3.989       4.191       3.876      0.3159    
   7.43979263       4.598       4.292       4.024      0.2680    
   7.35419464       4.834       4.387       4.161      0.2262    
   7.26859665       4.821       4.475       4.285      0.1898    
   7.18299866       4.731       4.554       4.396      0.1584    
   7.09740067       4.419       4.623       4.491      0.1315    
   7.01180267       4.235       4.679       4.571      0.1085    
   6.92620468       4.490       4.722       4.633      8.9062E-02
   6.84060669       4.889       4.750       4.678      7.2697E-02
   6.75500870       4.512       4.763       4.704      5.9011E-02
   6.66941071       4.795       4.759       4.711      4.7636E-02
   6.58381271       4.925       4.738       4.700      3.8242E-02
   6.49821472       4.017       4.701       4.670      3.0530E-02
   6.41261673       4.162       4.646       4.622      2.4238E-02
   6.32701874       4.925       4.575       4.556      1.9137E-02
   6.24142075       5.072       4.488       4.473      1.5026E-02
   6.15582275       4.785       4.386       4.375      1.1733E-02
   6.07022476       4.774       4.270       4.261      9.1104E-03
   5.98462677       4.114       4.141       4.134      7.0352E-03
   5.89902878       3.657       4.000       3.994      5.4026E-03
   5.81343079       4.074       3.849       3.844      4.1259E-03
   5.72783279       4.216       3.689       3.685      3.1335E-03
   5.64223480       3.362       3.521       3.519      2.3666E-03
   5.55663681       2.790       3.348       3.346      1.7776E-03
   5.47103882       3.370       3.171       3.170      1.3277E-03
   5.38544083       2.934       2.992       2.991      9.8625E-04
   5.29984283       2.502       2.811       2.810      7.2854E-04
   5.21424484       1.863       2.631       2.630      5.3520E-04
   5.12864685       2.333       2.453       2.452      3.9099E-04
   5.04304886       2.577       2.277       2.277      2.8406E-04
   4.95745087       2.713       2.106       2.106      2.0523E-04
   4.87185287       2.113       1.940       1.940      1.4745E-04
   4.78625488       1.375       1.780       1.780      1.0536E-04
   4.70065689       1.696       1.627       1.626      7.4865E-05
   4.61505890       1.666       1.480       1.480      5.2903E-05
   4.52946091       1.892       1.342       1.342      3.7176E-05
   4.44386292       1.492       1.212       1.212      2.5980E-05
   4.35826492       1.073       1.090       1.090      1.8056E-05
   4.27266693      0.7797      0.9765      0.9765      1.2479E-05
   4.18706894      0.6300      0.8713      0.8712      8.5770E-06
   4.10147095      0.2922      0.7743      0.7743      5.8625E-06
   4.01587296     -4.8309E-02  0.6854      0.6854      3.9849E-06
   3.93027496      0.4032      0.6043      0.6043      2.6937E-06
   3.84467697      3.2002E-02  0.5306      0.5306      1.8108E-06
   3.75907898      0.2980      0.4641      0.4641      1.2105E-06
   3.67348099      0.4230      0.4043      0.4043      8.0478E-07
   3.58788300       1.031      0.3508      0.3508      5.3207E-07
   3.50228500      0.5141      0.3032      0.3032       0.000    
   3.41668701      0.6835      0.2610      0.2610       0.000    
   3.33108902     -3.8437E-02  0.2238      0.2238       0.000    
   3.24549103      0.1337      0.1911      0.1911       0.000    
   3.15989304      0.6750      0.1625      0.1625       0.000    
   3.07429504      0.6747      0.1377      0.1377       0.000    
   2.98869705      0.1572      0.1162      0.1162       0.000    
   2.90309906      0.3800      9.7667E-02  9.7667E-02   0.000    
   2.81750107     -4.5579E-02  8.1760E-02  8.1760E-02   0.000    
   2.73190308     -6.9943E-02  6.8171E-02  6.8171E-02   0.000    
   2.64630508      9.5303E-02  5.6615E-02  5.6615E-02   0.000    
   2.56070709      0.5350      4.6830E-02  4.6830E-02   0.000    
   2.47510910      0.1455      3.8583E-02  3.8583E-02   0.000    
   2.38951111      0.2182      3.1662E-02  3.1662E-02   0.000    
   2.30391312      0.3865      2.5878E-02  2.5878E-02   0.000    
   2.21831512     -6.3191E-04  2.1067E-02  2.1067E-02   0.000    
   2.13271713     -0.3781      1.7083E-02  1.7083E-02   0.000    
   2.04711914      3.9428E-04  1.3796E-02  1.3796E-02   0.000    
   1.96152115      0.4679      1.1098E-02  1.1098E-02   0.000    
   1.87592316      0.1157      8.8920E-03  8.8920E-03   0.000    
   1.79032516      0.1305      7.0961E-03  7.0961E-03   0.000    
   1.70472717      0.1958      5.6403E-03  5.6403E-03   0.000    
   1.61912918      0.6190      4.4654E-03  4.4654E-03   0.000    
   1.53353119      0.4441      3.5212E-03  3.5212E-03   0.000    
   1.44793320      0.4210      2.7656E-03  2.7656E-03   0.000    
   1.36233521      0.1798      2.1634E-03  2.1634E-03   0.000    
   1.27673721     -0.2517      1.6857E-03  1.6857E-03   0.000    
   1.19113922     -0.1870      1.3082E-03  1.3082E-03   0.000    
   1.10554123     -7.4510E-02  1.0112E-03  1.0112E-03   0.000    
   1.01994324     -0.2723      7.7856E-04  7.7856E-04   0.000    
  0.934345245      0.2502      5.9703E-04  5.9703E-04   0.000    
  0.848747253      0.2623      4.5601E-04  4.5601E-04   0.000    
  0.763149261      6.7237E-02  3.4691E-04  3.4691E-04   0.000    
  0.677551270     -0.1872      2.6287E-04  2.6287E-04   0.000    
  0.591953278      0.1246      1.9839E-04  1.9839E-04   0.000    
  0.506355286     -0.4313      1.4913E-04  1.4913E-04   0.000    
  0.420757294     -0.7188      1.1166E-04  1.1166E-04   0.000    
  0.335159302     -0.2607      8.3269E-05  8.3269E-05   0.000    
  0.249561310     -0.1799      6.1851E-05  6.1851E-05   0.000    
  0.163963318      5.3522E-02  4.5759E-05  4.5759E-05   0.000    
  7.836532593E-02 -0.2757      3.3719E-05  3.3719E-05   0.000    
 -7.232666016E-03  0.1307      2.4748E-05  2.4748E-05   0.000    
 -9.283065796E-02  0.5203      1.8091E-05  1.8091E-05   0.000    
 -0.178428650      0.4088      1.3173E-05  1.3173E-05   0.000    
 -0.264026642     -9.1843E-02  9.5532E-06  9.5532E-06   0.000    
 -0.349624634     -3.9650E-02  6.9007E-06  6.9007E-06   0.000    
 -0.435222626      0.7082      4.9648E-06  4.9648E-06   0.000    
 -0.520820618      5.1876E-02  3.5578E-06  3.5578E-06   0.000    
 -0.606418610      9.7569E-02  2.5394E-06  2.5394E-06   0.000    
 -0.692016602     -0.1655      1.8053E-06  1.8053E-06   0.000    
 -0.777614594     -0.6343      1.2783E-06  1.2783E-06   0.000    
 -0.863212585     -0.5923      9.0155E-07  9.0155E-07   0.000    
 -0.948810577     -6.0557E-02  6.3331E-07  6.3331E-07   0.000    
  -1.03440857     -0.4486       0.000       0.000       0.000    
  -1.12000656     -0.1203       0.000       0.000       0.000    
  -1.20560455      0.3713       0.000       0.000       0.000    
  -1.29120255     -0.5077       0.000       0.000       0.000    
  -1.37680054     -0.2507       0.000       0.000       0.000    
  -1.46239853      0.3309       0.000       0.000       0.000    
  -1.54799652     -0.2510       0.000       0.000       0.000    
  -1.63359451     -0.4705       0.000       0.000       0.000    
  -1.71919250      0.1975       0.000       0.000       0.000    
  -1.80479050     -0.5734       0.000       0.000       0.000    
  -1.89038849     -0.3843       0.000       0.000       0.000    
