   48.0298996      0.3843       0.000       0.000    
   45.5026169      0.8578       0.000       0.000    
   42.9753342       1.466       0.000       0.000    
   40.4480515       7.776       0.000       0.000    
   37.9207687       12.36       0.000       0.000    
   35.3934860       3.824       0.000       0.000    
   32.8662033     -0.3725       0.000       0.000    
   30.3389206     -0.6167       0.000       0.000    
   27.8116379     -0.2535       0.000       0.000    
   25.2843552       1.170       0.000       0.000    
   22.7570724       1.846       0.000       0.000    
   20.2297897       1.033       0.000       0.000    
   17.7025070       1.293      7.9108E-06  7.9108E-06
   15.1752243      0.4137      4.3142E-03  4.3142E-03
   12.6479416     -4.7690E-02  0.3286      0.3286    
   10.1206589       3.605       3.497       3.497    
   7.59337616       5.119       5.197       5.197    
   5.06609344       1.230       1.079       1.079    
   2.53881073     -0.4475      3.1279E-02  3.1279E-02
  1.152801514E-02 -0.3567      1.2668E-04  1.2668E-04
  -2.51575470     -0.1681       0.000       0.000    
  -5.04303741     -0.4804       0.000       0.000    
  -7.57032013     -0.3783       0.000       0.000    
  -10.0976028      0.3528       0.000       0.000    
  -12.6248856     -0.1244       0.000       0.000    
  -15.1521683     -0.2611       0.000       0.000    
  -17.6794510      0.2050       0.000       0.000    
  -20.2067337       4.249       0.000       0.000    
  -22.7340164       5.507       0.000       0.000    
  -25.2612991       1.031       0.000       0.000    
  -27.7885818      0.3265       0.000       0.000    
  -30.3158646       2.549       0.000       0.000    
  -32.8431473       6.339       0.000       0.000    
