   50.0255690     -1.3956E-02   0.000       0.000    
   47.4985151      0.2013       0.000       0.000    
   44.9714613     -3.0883E-04   0.000       0.000    
   42.4444075      8.9692E-02   0.000       0.000    
   39.9173536      0.6001       0.000       0.000    
   37.3902998      0.1326       0.000       0.000    
   34.8632460     -7.3557E-02   0.000       0.000    
   32.3361921     -9.2977E-02   0.000       0.000    
   29.8091383     -0.1733       0.000       0.000    
   27.2820845      5.7321E-02   0.000       0.000    
   24.7550306      0.1850       0.000       0.000    
   22.2279768      0.1990       0.000       0.000    
   19.7009230      7.5162E-02   0.000       0.000    
   17.1738691      3.7703E-02   0.000       0.000    
   14.6468153     -9.4938E-03   0.000       0.000    
   12.1197615     -3.5738E-03  5.5024E-03  5.5024E-03
   9.59270763       1.044       1.044       1.044    
   7.06565380      0.7734      0.7734      0.7734    
   4.53859997     -2.9910E-02  2.2385E-03  2.2385E-03
   2.01154613     -0.2078       0.000       0.000    
 -0.515507698     -0.3066       0.000       0.000    
  -3.04256153     -0.2014       0.000       0.000    
  -5.56961536      3.8610E-02   0.000       0.000    
  -8.09666920     -0.1661       0.000       0.000    
  -10.6237230     -3.4689E-02   0.000       0.000    
  -13.1507769      0.1709       0.000       0.000    
  -15.6778307      3.6761E-02   0.000       0.000    
  -18.2048845      8.9338E-02   0.000       0.000    
  -20.7319384      0.5402       0.000       0.000    
  -23.2589922      0.1826       0.000       0.000    
  -25.7860460      0.1370       0.000       0.000    
  -28.3130999      0.1055       0.000       0.000    
  -30.8401537      0.1346       0.000       0.000    
