   44.6559505     -4.9968E-02   0.000       0.000    
   41.8892841      0.1156       0.000       0.000    
   39.1226177      8.2425E-02   0.000       0.000    
   36.3559513     -5.5333E-02   0.000       0.000    
   33.5892849     -7.3908E-03   0.000       0.000    
   30.8226185      4.9461E-02   0.000       0.000    
   28.0559521      9.9118E-02   0.000       0.000    
   25.2892857      3.2850E-02   0.000       0.000    
   22.5226192     -3.4776E-02   0.000       0.000    
   19.7559528     -9.9961E-02   0.000       0.000    
   16.9892864     -1.1372E-02   0.000       0.000    
   14.2226200     -4.6367E-02   0.000       0.000    
   11.4559536      1.6842E-02  2.9786E-04  2.9786E-04
   8.68928719      0.2804      8.5061E-02  8.5061E-02
   5.92262077       1.715       1.743       1.743    
   3.15595436       2.583       2.564       2.564    
  0.389287949      0.2079      0.2706      0.2706    
  -2.37737846      5.5404E-02  2.0494E-03  2.0494E-03
  -5.14404488      4.9632E-03  1.1139E-06  1.1139E-06
  -7.91071129     -0.1009       0.000       0.000    
  -10.6773777     -0.1277       0.000       0.000    
  -13.4440441      0.1230       0.000       0.000    
  -16.2107105     -0.2034       0.000       0.000    
  -18.9773769     -0.1506       0.000       0.000    
  -21.7440434     -0.1015       0.000       0.000    
  -24.5107098     -4.6332E-02   0.000       0.000    
  -27.2773762     -9.5856E-02   0.000       0.000    
  -30.0440426     -2.5540E-02   0.000       0.000    
  -32.8107090     -4.6587E-02   0.000       0.000    
  -35.5773754     -3.8719E-02   0.000       0.000    
