   47.2581263      0.1342       0.000       0.000    
   44.7310495      9.6553E-02   0.000       0.000    
   42.2039728      0.1215       0.000       0.000    
   39.6768961      0.1115       0.000       0.000    
   37.1498194      0.1779       0.000       0.000    
   34.6227427      0.2458       0.000       0.000    
   32.0956659      0.1525       0.000       0.000    
   29.5685892      4.9561E-03   0.000       0.000    
   27.0415125     -0.1230       0.000       0.000    
   24.5144358      0.1322       0.000       0.000    
   21.9873590      4.8616E-02  1.0256E-06  1.0256E-06
   19.4602823     -5.1640E-02  7.4311E-05  7.4311E-05
   16.9332056     -9.4892E-02  2.3783E-03  2.3783E-03
   14.4061289      2.2810E-02  3.3622E-02  3.3622E-02
   11.8790522      0.2905      0.2099      0.2099    
   9.35197544      0.4951      0.5790      0.5790    
   6.82489872      0.7800      0.7054      0.7054    
   4.29782200      0.3142      0.3796      0.3796    
   1.77074528      0.1519      9.0222E-02  9.0222E-02
 -0.756331444     -9.7096E-02  9.4721E-03  9.4721E-03
  -3.28340816     -4.4710E-02  4.3924E-04  4.3924E-04
  -5.81048489     -4.0233E-02  8.9970E-06  8.9970E-06
  -8.33756161     -1.3702E-02   0.000       0.000    
  -10.8646383     -5.7163E-02   0.000       0.000    
  -13.3917150     -5.5209E-02   0.000       0.000    
  -15.9187918     -4.6029E-02   0.000       0.000    
  -18.4458685      6.7762E-02   0.000       0.000    
  -20.9729452      0.1912       0.000       0.000    
  -23.5000219      0.1275       0.000       0.000    
  -26.0270987      6.0643E-02   0.000       0.000    
  -28.5541754      0.1377       0.000       0.000    
  -31.0812521      0.3140       0.000       0.000    
