   48.0710621     -0.4234       0.000       0.000    
   45.3039722     -0.2012       0.000       0.000    
   42.5368824      0.8547       0.000       0.000    
   39.7697926      0.6922       0.000       0.000    
   37.0027027      0.1651       0.000       0.000    
   34.2356129      0.1399       0.000       0.000    
   31.4685230      1.2455E-02   0.000       0.000    
   28.7014332     -0.3635       0.000       0.000    
   25.9343433     -0.3140       0.000       0.000    
   23.1672535     -0.1390       0.000       0.000    
   20.4001637     -0.3877       0.000       0.000    
   17.6330738     -0.4154      4.4070E-05  4.4070E-05
   14.8659840     -0.2381      2.9553E-02  2.9553E-02
   12.0988941       1.760       2.025       2.025    
   9.33180428       14.29       14.17       14.17    
   6.56471443       9.971       10.14       10.14    
   3.79762459       1.496      0.7406      0.7406    
   1.03053474     -1.0897E-02  5.5288E-03  5.5288E-03
  -1.73655510     -0.1303      4.2168E-06  4.2168E-06
  -4.50364494     -0.1886       0.000       0.000    
  -7.27073479     -0.2172       0.000       0.000    
  -10.0378246     -0.5065       0.000       0.000    
  -12.8049145     -0.3555       0.000       0.000    
  -15.5720043     -0.4593       0.000       0.000    
  -18.3390942     -0.4680       0.000       0.000    
  -21.1061840     -0.4881       0.000       0.000    
  -23.8732738     -0.5097       0.000       0.000    
  -26.6403637     -0.5000       0.000       0.000    
  -29.4074535     -5.7458E-02   0.000       0.000    
  -32.1745434     -2.0304E-02   0.000       0.000    
