   16.8851371      0.6684      4.2443E-04  4.2443E-04
   16.7995372     -5.5215E-02  4.7843E-04  4.7843E-04
   16.7139373      0.2092      5.3878E-04  5.3878E-04
   16.6283374      5.1107E-02  6.0613E-04  6.0613E-04
   16.5427375      0.5790      6.8122E-04  6.8122E-04
   16.4571376      0.5534      7.6486E-04  7.6486E-04
   16.3715377     -0.2115      8.5791E-04  8.5791E-04
   16.2859378      0.2750      9.6131E-04  9.6131E-04
   16.2003379      0.2919      1.0761E-03  1.0761E-03
   16.1147380     -4.4031E-02  1.2034E-03  1.2034E-03
   16.0291381     -0.1823      1.3445E-03  1.3445E-03
   15.9435382     -0.8424      1.5005E-03  1.5005E-03
   15.8579383     -0.8319      1.6731E-03  1.6731E-03
   15.7723384      0.2096      1.8636E-03  1.8636E-03
   15.6867385     -0.2858      2.0737E-03  2.0737E-03
   15.6011386      0.1301      2.3053E-03  2.3053E-03
   15.5155387      0.9200      2.5601E-03  2.5601E-03
   15.4299388      0.8542      2.8403E-03  2.8403E-03
   15.3443389     -0.2693      3.1480E-03  3.1480E-03
   15.2587390      0.8870      3.4856E-03  3.4856E-03
   15.1731391      0.2329      3.8555E-03  3.8555E-03
   15.0875392     -5.6852E-02  4.2605E-03  4.2605E-03
   15.0019393     -0.6890      4.7033E-03  4.7033E-03
   14.9163394      0.3551      5.1870E-03  5.1870E-03
   14.8307395      0.5117      5.7147E-03  5.7147E-03
   14.7451396      0.1666      6.2899E-03  6.2899E-03
   14.6595397      0.5782      6.9161E-03  6.9161E-03
   14.5739398     -0.2313      7.5970E-03  7.5970E-03
   14.4883399     -0.6954      8.3367E-03  8.3367E-03
   14.4027400     -0.4763      9.1393E-03  9.1393E-03
   14.3171401     -0.4682      1.0009E-02  1.0009E-02
   14.2315402     -0.3381      1.0951E-02  1.0951E-02
   14.1459403      0.1075      1.1970E-02  1.1970E-02
   14.0603404     -0.5552      1.3070E-02  1.3070E-02
   13.9747405     -0.2518      1.4257E-02  1.4257E-02
   13.8891406      0.3124      1.5536E-02  1.5536E-02
   13.8035407      0.6894      1.6914E-02  1.6914E-02
   13.7179408     -0.1441      1.8395E-02  1.8395E-02
   13.6323409      0.3025      1.9986E-02  1.9986E-02
   13.5467410     -2.6569E-02  2.1694E-02  2.1694E-02
   13.4611411     -0.1031      2.3523E-02  2.3523E-02
   13.3755412     -0.1698      2.5482E-02  2.5482E-02
   13.2899413      0.4680      2.7576E-02  2.7576E-02
   13.2043414      0.2495      2.9813E-02  2.9813E-02
   13.1187415     -0.5194      3.2198E-02  3.2198E-02
   13.0331416     -0.5778      3.4741E-02  3.4741E-02
   12.9475417     -0.1995      3.7446E-02  3.7446E-02
   12.8619418     -0.9394      4.0323E-02  4.0323E-02
   12.7763419      0.2761      4.3377E-02  4.3377E-02
   12.6907420      1.5069E-02  4.6616E-02  4.6616E-02
   12.6051421      0.2879      5.0047E-02  5.0047E-02
   12.5195422      0.2972      5.3677E-02  5.3677E-02
   12.4339423      0.1277      5.7513E-02  5.7513E-02
   12.3483424      0.1301      6.1562E-02  6.1562E-02
   12.2627425     -0.2146      6.5831E-02  6.5831E-02
   12.1771426      0.4860      7.0325E-02  7.0325E-02
   12.0915427     -0.7396      7.5052E-02  7.5052E-02
   12.0059428     -0.4820      8.0016E-02  8.0016E-02
   11.9203429      0.8828      8.5224E-02  8.5224E-02
   11.8347430     -7.7467E-02  9.0681E-02  9.0681E-02
   11.7491431      0.4081      9.6392E-02  9.6392E-02
   11.6635432     -0.2587      0.1024      0.1024    
   11.5779433     -0.2993      0.1086      0.1086    
   11.4923434     -0.9181      0.1151      0.1151    
   11.4067435      0.3778      0.1218      0.1218    
   11.3211436      0.7420      0.1289      0.1289    
   11.2355437      0.4880      0.1362      0.1362    
   11.1499438       1.101      0.1437      0.1437    
   11.0643439      0.3863      0.1516      0.1516    
   10.9787440      0.1010      0.1597      0.1597    
   10.8931441      0.5034      0.1681      0.1681    
   10.8075442      0.7367      0.1767      0.1767    
   10.7219443      0.4339      0.1856      0.1856    
   10.6363444     -0.4403      0.1948      0.1948    
   10.5507445     -0.2782      0.2042      0.2042    
   10.4651446      0.2540      0.2138      0.2138    
   10.3795447      0.4632      0.2237      0.2237    
   10.2939448      0.5825      0.2338      0.2338    
   10.2083449      0.9326      0.2441      0.2441    
   10.1227450      0.1879      0.2546      0.2546    
   10.0371451     -0.1635      0.2653      0.2653    
   9.95154524     -0.1131      0.2762      0.2762    
   9.86594534      0.7747      0.2872      0.2872    
   9.78034544       1.093      0.2984      0.2984    
   9.69474554       1.296      0.3097      0.3097    
   9.60914564      0.7721      0.3211      0.3211    
   9.52354574      0.5247      0.3326      0.3326    
   9.43794584      0.1106      0.3442      0.3442    
   9.35234594      0.1495      0.3558      0.3558    
   9.26674604       1.036      0.3674      0.3674    
   9.18114614       1.528      0.3791      0.3791    
   9.09554625      0.4885      0.3907      0.3907    
   9.00994635      0.1862      0.4023      0.4023    
   8.92434645      0.2323      0.4138      0.4138    
   8.83874655     -0.1179      0.4252      0.4252    
   8.75314665      5.0168E-02  0.4365      0.4365    
   8.66754675      0.4727      0.4477      0.4477    
   8.58194685      0.1267      0.4587      0.4587    
   8.49634695      8.9773E-02  0.4695      0.4695    
   8.41074705      0.3682      0.4800      0.4800    
   8.32514715     -0.2508      0.4904      0.4904    
   8.23954725     -0.3725      0.5004      0.5004    
   8.15394735      0.1192      0.5101      0.5101    
   8.06834745      7.0377E-02  0.5195      0.5195    
   7.98274755     -0.4118      0.5286      0.5286    
   7.89714766      0.8511      0.5373      0.5373    
   7.81154776      0.4844      0.5456      0.5456    
   7.72594786      3.5530E-02  0.5534      0.5534    
   7.64034796      0.1490      0.5608      0.5608    
   7.55474806      0.4418      0.5678      0.5678    
   7.46914816       1.008      0.5742      0.5742    
   7.38354826     -0.3452      0.5802      0.5802    
   7.29794836      0.6765      0.5856      0.5856    
   7.21234846      0.4190      0.5905      0.5905    
   7.12674856      0.3685      0.5949      0.5949    
   7.04114866      0.8098      0.5986      0.5986    
   6.95554876      0.7652      0.6019      0.6019    
   6.86994886      0.3986      0.6045      0.6045    
   6.78434896      0.9851      0.6065      0.6065    
   6.69874907      0.8352      0.6079      0.6079    
   6.61314917       1.299      0.6088      0.6088    
   6.52754927      0.7169      0.6090      0.6090    
   6.44194937      0.4443      0.6086      0.6086    
   6.35634947      0.7571      0.6076      0.6076    
   6.27074957      0.8628      0.6060      0.6060    
   6.18514967      0.9599      0.6038      0.6038    
   6.09954977       1.068      0.6011      0.6011    
   6.01394987      0.9139      0.5977      0.5977    
   5.92834997       1.082      0.5938      0.5938    
   5.84275007       1.324      0.5893      0.5893    
   5.75715017      0.6093      0.5842      0.5842    
   5.67155027      0.6164      0.5787      0.5787    
   5.58595037      0.7106      0.5726      0.5726    
   5.50035048       1.138      0.5660      0.5660    
   5.41475058      0.1527      0.5589      0.5589    
   5.32915068      0.6329      0.5514      0.5514    
   5.24355078       1.045      0.5434      0.5434    
   5.15795088     -0.1065      0.5350      0.5350    
   5.07235098      0.4869      0.5262      0.5262    
   4.98675108      0.1646      0.5171      0.5171    
   4.90115118       1.139      0.5076      0.5076    
   4.81555128      0.5793      0.4978      0.4978    
   4.72995138      0.2238      0.4877      0.4877    
   4.64435148     -0.7121      0.4773      0.4773    
   4.55875158      0.3494      0.4666      0.4666    
   4.47315168      0.2838      0.4558      0.4558    
   4.38755178       1.024      0.4448      0.4448    
   4.30195189      0.3981      0.4336      0.4336    
   4.21635199      0.4322      0.4222      0.4222    
   4.13075209      0.5162      0.4108      0.4108    
   4.04515219      0.4687      0.3992      0.3992    
   3.95955229      0.1808      0.3876      0.3876    
   3.87395239     -0.1276      0.3760      0.3760    
   3.78835249     -0.1871      0.3643      0.3643    
   3.70275259      0.5578      0.3527      0.3527    
   3.61715269      0.7473      0.3411      0.3411    
   3.53155279      0.3730      0.3295      0.3295    
   3.44595289      0.3415      0.3181      0.3181    
   3.36035299      0.3676      0.3067      0.3067    
   3.27475309      5.9687E-02  0.2954      0.2954    
   3.18915319      0.1174      0.2843      0.2843    
   3.10355330     -0.2301      0.2733      0.2733    
   3.01795340      0.2452      0.2624      0.2624    
   2.93235350      0.1113      0.2518      0.2518    
   2.84675360      0.1825      0.2413      0.2413    
   2.76115370      0.2780      0.2311      0.2311    
   2.67555380       1.206      0.2210      0.2210    
   2.58995390      0.5932      0.2112      0.2112    
   2.50435400      0.9019      0.2016      0.2016    
   2.41875410      0.4840      0.1923      0.1923    
   2.33315420      0.2238      0.1832      0.1832    
   2.24755430     -0.5086      0.1744      0.1744    
   2.16195440     -0.4542      0.1658      0.1658    
   2.07635450     -1.9739E-02  0.1575      0.1575    
   1.99075460      0.3211      0.1495      0.1495    
   1.90515471      0.9019      0.1417      0.1417    
   1.81955481      0.1446      0.1342      0.1342    
   1.73395491     -0.4998      0.1270      0.1270    
   1.64835501     -4.7899E-02  0.1200      0.1200    
   1.56275511      0.1424      0.1133      0.1133    
   1.47715521     -0.4576      0.1069      0.1069    
   1.39155531     -6.5110E-02  0.1008      0.1008    
   1.30595541      0.7125      9.4854E-02  9.4854E-02
   1.22035551      0.4705      8.9212E-02  8.9212E-02
   1.13475561     -0.6207      8.3821E-02  8.3821E-02
   1.04915571     -0.5066      7.8678E-02  7.8678E-02
  0.963555813      5.4766E-02  7.3777E-02  7.3777E-02
  0.877955914     -1.4146E-04  6.9112E-02  6.9112E-02
  0.792356014      2.3595E-02  6.4678E-02  6.4678E-02
  0.706756115     -0.1244      6.0469E-02  6.0469E-02
  0.621156216      0.4275      5.6477E-02  5.6477E-02
  0.535556316      0.4033      5.2696E-02  5.2696E-02
  0.449956417     -0.2390      4.9119E-02  4.9119E-02
  0.364356518     -3.3715E-02  4.5740E-02  4.5740E-02
  0.278756618     -0.2930      4.2550E-02  4.2550E-02
  0.193156719     -0.2684      3.9544E-02  3.9544E-02
  0.107556820      7.4686E-02  3.6714E-02  3.6714E-02
  2.195692062E-02  0.6382      3.4052E-02  3.4052E-02
 -6.364297867E-02  0.4453      3.1552E-02  3.1552E-02
 -0.149242878     -3.7336E-02  2.9206E-02  2.9206E-02
 -0.234842777      8.6959E-02  2.7008E-02  2.7008E-02
 -0.320442677      4.2921E-03  2.4950E-02  2.4950E-02
 -0.406042576     -8.8729E-02  2.3026E-02  2.3026E-02
 -0.491642475      0.8465      2.1230E-02  2.1230E-02
 -0.577242374      0.4176      1.9554E-02  1.9554E-02
 -0.662842274      -1.026      1.7993E-02  1.7993E-02
 -0.748442173     -0.5828      1.6539E-02  1.6539E-02
 -0.834042072     -0.2437      1.5188E-02  1.5188E-02
 -0.919641972     -2.7297E-02  1.3934E-02  1.3934E-02
  -1.00524187     -0.6775      1.2770E-02  1.2770E-02
  -1.09084177     -0.4536      1.1692E-02  1.1692E-02
  -1.17644167      0.1401      1.0694E-02  1.0694E-02
  -1.26204157     -0.4120      9.7720E-03  9.7720E-03
  -1.34764147      0.6064      8.9204E-03  8.9204E-03
  -1.43324137      0.6288      8.1349E-03  8.1349E-03
  -1.51884127     -1.5719E-02  7.4111E-03  7.4111E-03
  -1.60444117      0.3222      6.7451E-03  6.7451E-03
  -1.69004107     -0.5345      6.1328E-03  6.1328E-03
  -1.77564096     -0.6267      5.5705E-03  5.5705E-03
  -1.86124086      0.3793      5.0548E-03  5.0548E-03
  -1.94684076      6.5514E-02  4.5822E-03  4.5822E-03
  -2.03244066     -0.5221      4.1497E-03  4.1497E-03
  -2.11804056      0.5037      3.7543E-03  3.7543E-03
  -2.20364046      0.1374      3.3931E-03  3.3931E-03
  -2.28924036      8.6456E-02  3.0637E-03  3.0637E-03
  -2.37484026     -0.3424      2.7635E-03  2.7635E-03
  -2.46044016     -0.5747      2.4902E-03  2.4902E-03
  -2.54604006      0.3439      2.2418E-03  2.2418E-03
  -2.63163996     -5.6562E-02  2.0161E-03  2.0161E-03
  -2.71723986      0.3132      1.8113E-03  1.8113E-03
  -2.80283976      0.6607      1.6257E-03  1.6257E-03
  -2.88843966     -0.3971      1.4577E-03  1.4577E-03
  -2.97403955     -0.8265      1.3057E-03  1.3057E-03
  -3.05963945     -0.2639      1.1684E-03  1.1684E-03
