   45.2507515     -8.6683E-02   0.000       0.000       0.000    
   42.7237511     -0.1187       0.000       0.000       0.000    
   40.1967506      0.2579       0.000       0.000       0.000    
   37.6697502      2.0952E-02   0.000       0.000       0.000    
   35.1427498      5.1969E-02   0.000       0.000       0.000    
   32.6157494      4.0014E-02   0.000       0.000       0.000    
   30.0887489      0.1053       0.000       0.000       0.000    
   27.5617485      0.1293       0.000       0.000       0.000    
   25.0347481      0.2117       0.000       0.000       0.000    
   22.5077477      0.3371       0.000       0.000       0.000    
   19.9807472      0.1991       0.000       0.000       0.000    
   17.4537468     -2.1666E-02   0.000       0.000       0.000    
   14.9267464      2.0899E-02   0.000       0.000       0.000    
   12.3997459     -0.1005      9.5589E-04   0.000      9.5589E-04
   9.87274551      0.2162      0.2151       0.000      0.2151    
   7.34574509      0.1881      0.1891      1.7819E-07  0.1891    
   4.81874466      7.1745E-02  1.1376E-03  4.8828E-04  6.4927E-04
   2.29174423      5.5380E-02  5.5729E-02  5.5729E-02   0.000    
 -0.235256195      0.2644      0.2649      0.2649       0.000    
  -2.76225662      5.6551E-02  5.2452E-02  5.2452E-02   0.000    
  -5.28925705     -0.1919      4.3254E-04  4.3254E-04   0.000    
  -7.81625748     -0.1269      1.4857E-07  1.4857E-07   0.000    
  -10.3432579      3.7698E-02   0.000       0.000       0.000    
  -12.8702583      6.7804E-02   0.000       0.000       0.000    
  -15.3972588      2.1680E-02   0.000       0.000       0.000    
  -17.9242592     -5.5379E-03   0.000       0.000       0.000    
  -20.4512596      2.7737E-02   0.000       0.000       0.000    
  -22.9782600      0.2035       0.000       0.000       0.000    
  -25.5052605      0.2123       0.000       0.000       0.000    
  -28.0322609      9.3370E-02   0.000       0.000       0.000    
  -30.5592613      0.1645       0.000       0.000       0.000    
  -33.0862617      0.2908       0.000       0.000       0.000    
  -35.6132622      0.5121       0.000       0.000       0.000    
