   14.2816815     -0.4955       0.000       0.000    
   14.1960902     -0.1078       0.000       0.000    
   14.1104989      0.1062       0.000       0.000    
   14.0249076      0.5259       0.000       0.000    
   13.9393163      5.7606E-02   0.000       0.000    
   13.8537250     -0.3324       0.000       0.000    
   13.7681336      4.8537E-02  2.9950E-07  2.9950E-07
   13.6825423      0.7705      3.9582E-07  3.9582E-07
   13.5969510     -0.1543      5.2181E-07  5.2181E-07
   13.5113597      9.1674E-02  6.8619E-07  6.8619E-07
   13.4257684      0.6518      9.0011E-07  9.0011E-07
   13.3401771     -0.5101      1.1778E-06  1.1778E-06
   13.2545857      0.2790      1.5372E-06  1.5372E-06
   13.1689944      6.9694E-02  2.0014E-06  2.0014E-06
   13.0834031     -0.5478      2.5993E-06  2.5993E-06
   12.9978118     -0.1334      3.3673E-06  3.3673E-06
   12.9122205     -0.3595      4.3515E-06  4.3515E-06
   12.8266292      0.2280      5.6092E-06  5.6092E-06
   12.7410378      0.1079      7.2124E-06  7.2124E-06
   12.6554465     -0.2821      9.2508E-06  9.2508E-06
   12.5698552      7.0449E-02  1.1836E-05  1.1836E-05
   12.4842639      0.1939      1.5105E-05  1.5105E-05
   12.3986726      8.5109E-02  1.9230E-05  1.9230E-05
   12.3130813     -0.4054      2.4420E-05  2.4420E-05
   12.2274899     -0.2760      3.0933E-05  3.0933E-05
   12.1418986      0.2171      3.9086E-05  3.9086E-05
   12.0563073     -0.5631      4.9264E-05  4.9264E-05
   11.9707160     -0.8141      6.1939E-05  6.1939E-05
   11.8851247     -0.2417      7.7681E-05  7.7681E-05
   11.7995334      9.1727E-02  9.7180E-05  9.7180E-05
   11.7139421     -0.3889      1.2127E-04  1.2127E-04
   11.6283507      0.2189      1.5096E-04  1.5096E-04
   11.5427594     -0.1984      1.8745E-04  1.8745E-04
   11.4571681      2.8973E-02  2.3217E-04  2.3217E-04
   11.3715768     -0.6584      2.8685E-04  2.8685E-04
   11.2859855      0.1543      3.5352E-04  3.5352E-04
   11.2003942      0.1764      4.3461E-04  4.3461E-04
   11.1148028     -0.3187      5.3297E-04  5.3297E-04
   11.0292115     -0.1755      6.5195E-04  6.5195E-04
   10.9436202     -0.5503      7.9551E-04  7.9551E-04
   10.8580289     -6.7266E-02  9.6827E-04  9.6827E-04
   10.7724376      0.1859      1.1756E-03  1.1756E-03
   10.6868463     -0.6084      1.4238E-03  1.4238E-03
   10.6012549     -0.5968      1.7201E-03  1.7201E-03
   10.5156636     -0.4493      2.0728E-03  2.0728E-03
   10.4300723     -9.3184E-02  2.4917E-03  2.4917E-03
   10.3444810     -0.2940      2.9877E-03  2.9877E-03
   10.2588897      0.6338      3.5736E-03  3.5736E-03
   10.1732984     -0.5743      4.2637E-03  4.2637E-03
   10.0877070     -0.7767      5.0744E-03  5.0744E-03
   10.0021157     -0.7308      6.0242E-03  6.0242E-03
   9.91652441     -8.0490E-02  7.1340E-03  7.1340E-03
   9.83093309     -0.1520      8.4272E-03  8.4272E-03
   9.74534178      0.1538      9.9299E-03  9.9299E-03
   9.65975046     -7.5322E-02  1.1672E-02  1.1672E-02
   9.57415915      0.2501      1.3684E-02  1.3684E-02
   9.48856783     -0.4730      1.6005E-02  1.6005E-02
   9.40297651      0.6641      1.8671E-02  1.8671E-02
   9.31738520     -0.4109      2.1728E-02  2.1728E-02
   9.23179388     -0.3688      2.5223E-02  2.5223E-02
   9.14620256     -1.2807E-02  2.9206E-02  2.9206E-02
   9.06061125     -0.4565      3.3734E-02  3.3734E-02
   8.97501993     -0.5694      3.8867E-02  3.8867E-02
   8.88942862     -0.6392      4.4670E-02  4.4670E-02
   8.80383730      0.1655      5.1211E-02  5.1211E-02
   8.71824598      0.1128      5.8564E-02  5.8564E-02
   8.63265467      0.2721      6.6806E-02  6.6806E-02
   8.54706335      0.6803      7.6018E-02  7.6018E-02
   8.46147203     -0.1292      8.6284E-02  8.6284E-02
   8.37588072     -0.4883      9.7693E-02  9.7693E-02
   8.29028940     -0.1764      0.1103      0.1103    
   8.20469809     -0.4698      0.1243      0.1243    
   8.11910677     -0.1206      0.1397      0.1397    
   8.03351545      0.4379      0.1566      0.1566    
   7.94792414     -6.4106E-02  0.1751      0.1751    
   7.86233282      0.2763      0.1953      0.1953    
   7.77674150     -0.1462      0.2173      0.2173    
   7.69115019      0.6098      0.2412      0.2412    
   7.60555887      0.1144      0.2670      0.2670    
   7.51996756     -8.1517E-02  0.2949      0.2949    
   7.43437624      0.5526      0.3248      0.3248    
   7.34878492      3.2610E-02  0.3569      0.3569    
   7.26319361      4.7653E-02  0.3912      0.3912    
   7.17760229      0.1564      0.4277      0.4277    
   7.09201097      0.2652      0.4665      0.4665    
   7.00641966      6.6656E-02  0.5075      0.5075    
   6.92082834      0.6478      0.5508      0.5508    
   6.83523703      0.2313      0.5962      0.5962    
   6.74964571     -0.4549      0.6438      0.6438    
   6.66405439      0.7947      0.6934      0.6934    
   6.57846308       1.003      0.7451      0.7451    
   6.49287176       1.299      0.7985      0.7985    
   6.40728045       1.200      0.8537      0.8537    
   6.32168913       1.532      0.9104      0.9104    
   6.23609781       1.246      0.9685      0.9685    
   6.15050650       1.138       1.028       1.028    
   6.06491518       2.189       1.088       1.088    
   5.97932386       1.134       1.149       1.149    
   5.89373255       1.659       1.210       1.210    
   5.80814123      0.1868       1.271       1.271    
   5.72254992      0.9714       1.332       1.332    
   5.63695860       1.105       1.392       1.392    
   5.55136728       1.758       1.452       1.452    
   5.46577597       1.611       1.510       1.510    
   5.38018465       2.533       1.567       1.567    
   5.29459333       1.732       1.622       1.622    
   5.20900202       1.996       1.674       1.674    
   5.12341070       1.977       1.724       1.724    
   5.03781939       1.470       1.771       1.771    
   4.95222807       1.959       1.815       1.815    
   4.86663675       1.505       1.855       1.855    
   4.78104544       1.777       1.891       1.891    
   4.69545412       1.467       1.924       1.924    
   4.60986280       1.996       1.952       1.952    
   4.52427149       2.302       1.975       1.975    
   4.43868017       1.543       1.994       1.994    
   4.35308886       1.881       2.008       2.008    
   4.26749754       2.158       2.017       2.017    
   4.18190622       1.298       2.021       2.021    
   4.09631491       2.248       2.020       2.020    
   4.01072359       2.229       2.013       2.013    
   3.92513227       1.813       2.002       2.002    
   3.83954096       2.439       1.986       1.986    
   3.75394964       2.046       1.966       1.966    
   3.66835833       1.526       1.940       1.940    
   3.58276701       2.517       1.910       1.910    
   3.49717569       1.623       1.876       1.876    
   3.41158438       2.496       1.838       1.838    
   3.32599306       1.577       1.796       1.796    
   3.24040174       1.516       1.751       1.751    
   3.15481043       1.305       1.703       1.703    
   3.06921911       1.348       1.652       1.652    
   2.98362780       1.495       1.598       1.598    
   2.89803648       1.671       1.543       1.543    
   2.81244516       1.955       1.485       1.485    
   2.72685385      0.9629       1.426       1.426    
   2.64126253       1.109       1.366       1.366    
   2.55567122       1.202       1.306       1.306    
   2.47007990      0.9509       1.244       1.244    
   2.38448858      0.7415       1.183       1.183    
   2.29889727      0.5885       1.122       1.122    
   2.21330595      0.7927       1.062       1.062    
   2.12771463       1.848       1.002       1.002    
   2.04212332       1.487      0.9433      0.9433    
   1.95653200       1.023      0.8858      0.8858    
   1.87094069      0.8323      0.8297      0.8297    
   1.78534937       1.090      0.7753      0.7753    
   1.69975805      0.3487      0.7226      0.7226    
   1.61416674      0.6422      0.6718      0.6718    
   1.52857542       1.013      0.6230      0.6230    
   1.44298410       1.448      0.5764      0.5764    
   1.35739279      0.6379      0.5319      0.5319    
   1.27180147      0.3862      0.4896      0.4896    
   1.18621016      0.5308      0.4495      0.4495    
   1.10061884      0.2095      0.4117      0.4117    
   1.01502752      0.7816      0.3761      0.3761    
  0.929436207      0.3074      0.3428      0.3428    
  0.843844891     -0.6344      0.3116      0.3116    
  0.758253574      0.8516      0.2826      0.2826    
  0.672662258      0.5350      0.2556      0.2556    
  0.587070942      0.4499      0.2306      0.2306    
  0.501479626      0.5005      0.2076      0.2076    
  0.415888309      0.9541      0.1864      0.1864    
  0.330296993      0.5601      0.1669      0.1669    
  0.244705677     -6.7465E-02  0.1491      0.1491    
  0.159114361      0.7334      0.1329      0.1329    
  7.352304459E-02  0.4162      0.1181      0.1181    
 -1.206827164E-02 -0.1763      0.1047      0.1047    
 -9.765958786E-02 -0.4057      9.2630E-02  9.2630E-02
 -0.183250904     -0.2307      8.1724E-02  8.1724E-02
 -0.268842220     -0.6915      7.1923E-02  7.1923E-02
 -0.354433537     -0.9168      6.3140E-02  6.3140E-02
 -0.440024853      0.2736      5.5291E-02  5.5291E-02
 -0.525616169     -0.2075      4.8297E-02  4.8297E-02
 -0.611207485     -8.8483E-04  4.2083E-02  4.2083E-02
 -0.696798801      0.1790      3.6577E-02  3.6577E-02
 -0.782390118      0.1398      3.1712E-02  3.1712E-02
 -0.867981434     -0.2374      2.7426E-02  2.7426E-02
 -0.953572750     -0.6466      2.3660E-02  2.3660E-02
  -1.03916407     -0.2327      2.0360E-02  2.0360E-02
  -1.12475538     -0.4376      1.7477E-02  1.7477E-02
  -1.21034670      -1.034      1.4964E-02  1.4964E-02
  -1.29593801     -0.7999      1.2781E-02  1.2781E-02
  -1.38152933      0.7414      1.0890E-02  1.0890E-02
  -1.46712065      0.8323      9.2547E-03  9.2547E-03
  -1.55271196     -0.2174      7.8457E-03  7.8457E-03
  -1.63830328     -0.1902      6.6346E-03  6.6346E-03
  -1.72389460      0.6375      5.5965E-03  5.5965E-03
  -1.80948591      0.4070      4.7091E-03  4.7091E-03
  -1.89507723     -0.6209      3.9525E-03  3.9525E-03
  -1.98066854      0.2916      3.3092E-03  3.3092E-03
  -2.06625986     -0.2291      2.7637E-03  2.7637E-03
  -2.15185118      0.3533      2.3023E-03  2.3023E-03
  -2.23744249     -0.2870      1.9133E-03  1.9133E-03
  -2.32303381      2.3065E-02  1.5860E-03  1.5860E-03
  -2.40862513     -0.5309      1.3114E-03  1.3114E-03
  -2.49421644     -0.3880      1.0816E-03  1.0816E-03
  -2.57980776      0.2844      8.8990E-04  8.8990E-04
  -2.66539907     -0.5156      7.3035E-04  7.3035E-04
  -2.75099039     -0.6188      5.9790E-04  5.9790E-04
  -2.83658171     -0.1148      4.8826E-04  4.8826E-04
  -2.92217302     -0.2852      3.9772E-04  3.9772E-04
  -3.00776434     -0.6817      3.2317E-04  3.2317E-04
  -3.09335566     -0.2231      2.6194E-04  2.6194E-04
  -3.17894697      6.3558E-02  2.1178E-04  2.1178E-04
  -3.26453829     -0.6317      1.7080E-04  1.7080E-04
  -3.35012960     -0.4255      1.3741E-04  1.3741E-04
  -3.43572092      0.7328      1.1027E-04  1.1027E-04
  -3.52131224      0.1287      8.8265E-05  8.8265E-05
  -3.60690355     -0.7241      7.0479E-05  7.0479E-05
  -3.69249487     -0.5828      5.6136E-05  5.6136E-05
  -3.77808619     -0.7966      4.4601E-05  4.4601E-05
  -3.86367750     -0.1231      3.5348E-05  3.5348E-05
  -3.94926882     -3.4728E-02  2.7945E-05  2.7945E-05
  -4.03486013     -4.7949E-02  2.2037E-05  2.2037E-05
  -4.12045145      4.8079E-02  1.7335E-05  1.7335E-05
  -4.20604277     -0.5491      1.3602E-05  1.3602E-05
  -4.29163408     -0.4457      1.0646E-05  1.0646E-05
  -4.37722540      0.1689      8.3123E-06  8.3123E-06
  -4.46281672      0.2374      6.4737E-06  6.4737E-06
  -4.54840803     -0.4385      5.0293E-06  5.0293E-06
  -4.63399935     -0.2891      3.8974E-06  3.8974E-06
  -4.71959066      9.4607E-02  3.0127E-06  3.0127E-06
  -4.80518198      1.1380E-02  2.3231E-06  2.3231E-06
  -4.89077330     -0.5733      1.7868E-06  1.7868E-06
  -4.97636461     -0.1070      1.3709E-06  1.3709E-06
  -5.06195593      0.5251      1.0492E-06  1.0492E-06
  -5.14754725      0.3134      8.0100E-07  8.0100E-07
  -5.23313856     -0.9221      6.0999E-07  6.0999E-07
  -5.31872988     -0.4671      4.6336E-07  4.6336E-07
  -5.40432119      0.2802      3.5111E-07  3.5111E-07
  -5.48991251     -0.2983      2.6538E-07  2.6538E-07
  -5.57550383      0.7445       0.000       0.000    
  -5.66109514      0.1951       0.000       0.000    
