   46.2172012     -6.8658E-02   0.000       0.000    
   43.4503021     -0.1957       0.000       0.000    
   40.6834030      0.1101       0.000       0.000    
   37.9165039     -3.1298E-02   0.000       0.000    
   35.1496048     -1.1126E-02   0.000       0.000    
   32.3827057     -2.6441E-02   0.000       0.000    
   29.6158066      0.1403       0.000       0.000    
   26.8489075      3.7875E-02   0.000       0.000    
   24.0820084      0.1143       0.000       0.000    
   21.3151093      3.5098E-02   0.000       0.000    
   18.5482101      8.1013E-02   0.000       0.000    
   15.7813110     -2.0738E-02   0.000       0.000    
   13.0144119     -0.1227      2.8635E-05  2.8635E-05
   10.2475128      2.2759E-02  2.7815E-02  2.7815E-02
   7.48061371      0.6264      0.6257      0.6257    
   4.71371460      0.3246      0.3260      0.3260    
   1.94681549      4.2310E-02  3.9328E-03  3.9328E-03
 -0.820083618     -0.1036      1.0988E-06  1.0988E-06
  -3.58698273      5.0115E-02   0.000       0.000    
  -6.35388184      5.4486E-02   0.000       0.000    
  -9.12078094      0.1324       0.000       0.000    
  -11.8876801     -3.7012E-02   0.000       0.000    
  -14.6545792     -9.2867E-02   0.000       0.000    
  -17.4214783     -3.7559E-02   0.000       0.000    
  -20.1883774      2.5582E-02   0.000       0.000    
  -22.9552765      8.3731E-02   0.000       0.000    
  -25.7221756      3.4310E-02   0.000       0.000    
  -28.4890747      0.1030       0.000       0.000    
  -31.2559738     -0.1462       0.000       0.000    
  -34.0228729      0.1217       0.000       0.000    
