   18.5316010     -0.1768       0.000       0.000    
   18.4505005     -0.4038       0.000       0.000    
   18.3694000     -0.6423       0.000       0.000    
   18.2882996     -0.4699       0.000       0.000    
   18.2071991     -0.2761       0.000       0.000    
   18.1260986      0.1348       0.000       0.000    
   18.0449982      0.1253       0.000       0.000    
   17.9638977      0.4048       0.000       0.000    
   17.8827972     -0.2919       0.000       0.000    
   17.8016968      0.6931      1.1394E-07  1.1394E-07
   17.7205963      0.4007      1.5062E-07  1.5062E-07
   17.6394958     -0.5130      1.9861E-07  1.9861E-07
   17.5583954     -0.4208      2.6125E-07  2.6125E-07
   17.4772949      0.1159      3.4280E-07  3.4280E-07
   17.3961945      0.3505      4.4871E-07  4.4871E-07
   17.3150940      6.7511E-03  5.8589E-07  5.8589E-07
   17.2339935     -0.2733      7.6313E-07  7.6313E-07
   17.1528931     -0.1102      9.9155E-07  9.9155E-07
   17.0717926      4.7389E-02  1.2852E-06  1.2852E-06
   16.9906921     -0.2984      1.6616E-06  1.6616E-06
   16.9095917      0.8667      2.1431E-06  2.1431E-06
   16.8284912     -1.5769E-02  2.7573E-06  2.7573E-06
   16.7473907      -1.313      3.5389E-06  3.5389E-06
   16.6662903      1.7248E-02  4.5308E-06  4.5308E-06
   16.5851898      0.7825      5.7864E-06  5.7864E-06
   16.5040894      0.3828      7.3718E-06  7.3718E-06
   16.4229889     -0.5768      9.3686E-06  9.3686E-06
   16.3418884      7.9180E-02  1.1877E-05  1.1877E-05
   16.2607880      0.4816      1.5020E-05  1.5020E-05
   16.1796875      0.7478      1.8948E-05  1.8948E-05
   16.0985870      0.6791      2.3845E-05  2.3845E-05
   16.0174866      0.1093      2.9933E-05  2.9933E-05
   15.9363861      0.6039      3.7484E-05  3.7484E-05
   15.8552856      0.2560      4.6823E-05  4.6823E-05
   15.7741852     -0.2052      5.8347E-05  5.8347E-05
   15.6930847     -0.2257      7.2527E-05  7.2527E-05
   15.6119843      0.1014      8.9932E-05  8.9932E-05
   15.5308838      0.1428      1.1124E-04  1.1124E-04
   15.4497833      0.5819      1.3726E-04  1.3726E-04
   15.3686829      0.7831      1.6895E-04  1.6895E-04
   15.2875824     -0.1768      2.0744E-04  2.0744E-04
   15.2064819     -0.8900      2.5408E-04  2.5408E-04
   15.1253815     -0.5218      3.1044E-04  3.1044E-04
   15.0442810      0.1693      3.7837E-04  3.7837E-04
   14.9631805      0.2554      4.6003E-04  4.6003E-04
   14.8820801     -0.1126      5.5794E-04  5.5794E-04
   14.8009796     -0.5027      6.7503E-04  6.7503E-04
   14.7198792     -0.3954      8.1468E-04  8.1468E-04
   14.6387787      0.5391      9.8080E-04  9.8080E-04
   14.5576782     -0.6335      1.1779E-03  1.1779E-03
   14.4765778     -0.5001      1.4111E-03  1.4111E-03
   14.3954773     -0.5101      1.6864E-03  1.6864E-03
   14.3143768     -0.3784      2.0104E-03  2.0104E-03
   14.2332764     -0.1253      2.3908E-03  2.3908E-03
   14.1521759     -9.1726E-02  2.8361E-03  2.8361E-03
   14.0710754      3.2014E-02  3.3561E-03  3.3561E-03
   13.9899750     -0.9363      3.9618E-03  3.9618E-03
   13.9088745     -0.5030      4.6652E-03  4.6652E-03
   13.8277740     -0.4629      5.4800E-03  5.4800E-03
   13.7466736      0.1056      6.4213E-03  6.4213E-03
   13.6655731       1.113      7.5059E-03  7.5059E-03
   13.5844727      3.6322E-03  8.7520E-03  8.7520E-03
   13.5033722     -0.1050      1.0180E-02  1.0180E-02
   13.4222717     -0.1150      1.1812E-02  1.1812E-02
   13.3411713      0.2423      1.3672E-02  1.3672E-02
   13.2600708     -0.1694      1.5785E-02  1.5785E-02
   13.1789703      0.7463      1.8181E-02  1.8181E-02
   13.0978699      0.6224      2.0889E-02  2.0889E-02
   13.0167694      7.8157E-02  2.3941E-02  2.3941E-02
   12.9356689       1.277      2.7372E-02  2.7372E-02
   12.8545685      0.6186      3.1217E-02  3.1217E-02
   12.7734680      0.4290      3.5516E-02  3.5516E-02
   12.6923676      0.9245      4.0306E-02  4.0306E-02
   12.6112671     -9.6074E-02  4.5631E-02  4.5631E-02
   12.5301666     -4.3753E-03  5.1532E-02  5.1532E-02
   12.4490662      0.1557      5.8054E-02  5.8054E-02
   12.3679657      0.6751      6.5240E-02  6.5240E-02
   12.2868652      0.2053      7.3135E-02  7.3135E-02
   12.2057648     -0.3102      8.1784E-02  8.1784E-02
   12.1246643     -0.4976      9.1232E-02  9.1232E-02
   12.0435638      0.9618      0.1015      0.1015    
   11.9624634       1.471      0.1127      0.1127    
   11.8813629      0.6518      0.1248      0.1248    
   11.8002625      0.2088      0.1378      0.1378    
   11.7191620     -0.3074      0.1519      0.1519    
   11.6380615      8.8047E-02  0.1669      0.1669    
   11.5569611       1.175      0.1830      0.1830    
   11.4758606      0.5166      0.2002      0.2002    
   11.3947601      0.3430      0.2185      0.2185    
   11.3136597      0.2075      0.2378      0.2378    
   11.2325592       1.154      0.2582      0.2582    
   11.1514587      0.5710      0.2796      0.2796    
   11.0703583      0.7542      0.3021      0.3021    
   10.9892578      0.4436      0.3256      0.3256    
   10.9081573     -5.3961E-03  0.3500      0.3500    
   10.8270569      0.2546      0.3754      0.3754    
   10.7459564      0.2401      0.4016      0.4016    
   10.6648560     -0.3380      0.4286      0.4286    
   10.5837555      0.8680      0.4563      0.4563    
   10.5026550      0.1934      0.4845      0.4845    
   10.4215546     -0.2978      0.5133      0.5133    
   10.3404541     -0.5430      0.5424      0.5424    
   10.2593536     -5.9688E-02  0.5718      0.5718    
   10.1782532     -6.6552E-02  0.6013      0.6013    
   10.0971527     -0.4241      0.6307      0.6307    
   10.0160522      0.7007      0.6600      0.6600    
   9.93495178      0.5137      0.6889      0.6889    
   9.85385132      0.1081      0.7173      0.7173    
   9.77275085      0.9633      0.7451      0.7451    
   9.69165039      0.7989      0.7721      0.7721    
   9.61054993       1.323      0.7980      0.7980    
   9.52944946       1.290      0.8228      0.8228    
   9.44834900       1.003      0.8463      0.8463    
   9.36724854      0.4968      0.8683      0.8683    
   9.28614807       1.024      0.8887      0.8887    
   9.20504761       1.106      0.9073      0.9073    
   9.12394714       1.323      0.9241      0.9241    
   9.04284668       1.507      0.9388      0.9388    
   8.96174622       1.488      0.9515      0.9515    
   8.88064575      0.9851      0.9619      0.9619    
   8.79954529      0.9944      0.9701      0.9701    
   8.71844482       1.765      0.9759      0.9759    
   8.63734436       1.397      0.9794      0.9794    
   8.55624390      0.9839      0.9805      0.9805    
   8.47514343      0.6103      0.9791      0.9791    
   8.39404297       1.019      0.9753      0.9753    
   8.31294250      0.5171      0.9692      0.9692    
   8.23184204      0.9923      0.9608      0.9608    
   8.15074158      0.5841      0.9500      0.9500    
   8.06964111      0.6186      0.9371      0.9371    
   7.98854065      0.6332      0.9221      0.9221    
   7.90744019      0.7125      0.9051      0.9051    
   7.82633972       1.110      0.8863      0.8863    
   7.74523926       1.049      0.8657      0.8657    
   7.66413879      0.6864      0.8435      0.8435    
   7.58303833      0.4141      0.8198      0.8198    
   7.50193787      0.9420      0.7949      0.7949    
   7.42083740       1.090      0.7688      0.7688    
   7.33973694       1.604      0.7417      0.7417    
   7.25863647       1.114      0.7139      0.7139    
   7.17753601       1.059      0.6854      0.6854    
   7.09643555       1.334      0.6564      0.6564    
   7.01533508      0.8137      0.6271      0.6271    
   6.93423462      0.2826      0.5976      0.5976    
   6.85313416     -0.2925      0.5682      0.5682    
   6.77203369     -0.4025      0.5388      0.5388    
   6.69093323      0.9925      0.5097      0.5097    
   6.60983276      0.1863      0.4810      0.4810    
   6.52873230      0.2800      0.4528      0.4528    
   6.44763184      0.4099      0.4252      0.4252    
   6.36653137     -0.2867      0.3983      0.3983    
   6.28543091     -0.4593      0.3722      0.3722    
   6.20433044     -0.3215      0.3469      0.3469    
   6.12322998      0.5692      0.3226      0.3226    
   6.04212952      0.6361      0.2992      0.2992    
   5.96102905      0.3578      0.2769      0.2769    
   5.87992859      0.6603      0.2556      0.2556    
   5.79882812      0.7001      0.2353      0.2353    
   5.71772766      0.2298      0.2161      0.2161    
   5.63662720      0.8001      0.1980      0.1980    
   5.55552673      0.4297      0.1810      0.1810    
   5.47442627     -0.2122      0.1650      0.1650    
   5.39332581     -3.5918E-02  0.1501      0.1501    
   5.31222534      0.3766      0.1362      0.1362    
   5.23112488      3.3041E-03  0.1232      0.1232    
   5.15002441     -0.2594      0.1113      0.1113    
   5.06892395      0.2580      0.1002      0.1002    
   4.98782349     -0.6535      9.0021E-02  9.0021E-02
   4.90672302     -0.2737      8.0674E-02  8.0674E-02
   4.82562256      0.5191      7.2120E-02  7.2120E-02
   4.74452209      0.3070      6.4315E-02  6.4315E-02
   4.66342163      0.2825      5.7213E-02  5.7213E-02
   4.58232117      4.1691E-04  5.0771E-02  5.0771E-02
   4.50122070      0.5522      4.4943E-02  4.4943E-02
   4.42012024      0.2135      3.9687E-02  3.9687E-02
   4.33901978     -0.2318      3.4959E-02  3.4959E-02
   4.25791931     -0.1029      3.0719E-02  3.0719E-02
   4.17681885      0.1289      2.6927E-02  2.6927E-02
   4.09571838      0.2162      2.3545E-02  2.3545E-02
   4.01461792     -0.1235      2.0537E-02  2.0537E-02
   3.93351746     -0.5729      1.7869E-02  1.7869E-02
   3.85241699      5.2022E-02  1.5510E-02  1.5510E-02
   3.77131653      0.4036      1.3429E-02  1.3429E-02
   3.69021606      0.2627      1.1599E-02  1.1599E-02
   3.60911560      0.3216      9.9931E-03  9.9931E-03
   3.52801514     -0.1812      8.5888E-03  8.5888E-03
   3.44691467     -0.2345      7.3636E-03  7.3636E-03
   3.36581421     -0.5505      6.2977E-03  6.2977E-03
   3.28471375      0.4130      5.3729E-03  5.3729E-03
   3.20361328      0.4699      4.5726E-03  4.5726E-03
   3.12251282     -0.1561      3.8820E-03  3.8820E-03
   3.04141235      0.4886      3.2875E-03  3.2875E-03
   2.96031189      0.6439      2.7773E-03  2.7773E-03
   2.87921143     -0.3097      2.3405E-03  2.3405E-03
   2.79811096     -0.2731      1.9675E-03  1.9675E-03
   2.71701050     -0.3061      1.6499E-03  1.6499E-03
   2.63591003      0.2606      1.3802E-03  1.3802E-03
   2.55480957       1.042      1.1517E-03  1.1517E-03
   2.47370911       1.247      9.5872E-04  9.5872E-04
   2.39260864     -0.1824      7.9609E-04  7.9609E-04
   2.31150818     -0.6134      6.5943E-04  6.5943E-04
   2.23040771     -0.2564      5.4488E-04  5.4488E-04
   2.14930725     -0.7680      4.4913E-04  4.4913E-04
   2.06820679     -0.4486      3.6929E-04  3.6929E-04
   1.98710632     -0.4719      3.0290E-04  3.0290E-04
   1.90600586      0.3965      2.4783E-04  2.4783E-04
   1.82490540     -0.1724      2.0228E-04  2.0228E-04
   1.74380493     -0.2266      1.6469E-04  1.6469E-04
   1.66270447       1.112      1.3376E-04  1.3376E-04
   1.58160400      0.3388      1.0837E-04  1.0837E-04
   1.50050354      0.1329      8.7588E-05  8.7588E-05
   1.41940308      0.1337      7.0615E-05  7.0615E-05
   1.33830261      0.2255      5.6791E-05  5.6791E-05
   1.25720215      0.8235      4.5561E-05  4.5561E-05
   1.17610168      0.6883      3.6462E-05  3.6462E-05
   1.09500122      0.9025      2.9108E-05  2.9108E-05
   1.01390076     -0.2774      2.3181E-05  2.3181E-05
  0.932800293     -0.1885      1.8415E-05  1.8415E-05
  0.851699829     -0.4818      1.4593E-05  1.4593E-05
  0.770599365      0.1170      1.1536E-05  1.1536E-05
  0.689498901      0.5108      9.0967E-06  9.0967E-06
  0.608398438     -0.5893      7.1557E-06  7.1557E-06
  0.527297974      0.2230      5.6150E-06  5.6150E-06
  0.446197510      6.6206E-02  4.3952E-06  4.3952E-06
  0.365097046     -0.4315      3.4320E-06  3.4320E-06
  0.283996582     -0.2914      2.6732E-06  2.6732E-06
  0.202896118     -0.4417      2.0771E-06  2.0771E-06
  0.121795654      0.4738      1.6100E-06  1.6100E-06
  4.069519043E-02 -1.4491E-02  1.2448E-06  1.2448E-06
 -4.040527344E-02 -0.1720      9.6014E-07  9.6014E-07
 -0.121505737      0.2691      7.3873E-07  7.3873E-07
 -0.202606201     -0.2002      5.6698E-07  5.6698E-07
 -0.283706665      0.1498      4.3410E-07  4.3410E-07
 -0.364807129     -0.3740      3.3154E-07  3.3154E-07
 -0.445907593     -0.5074      2.5259E-07  2.5259E-07
 -0.527008057      0.2607      1.9197E-07  1.9197E-07
 -0.608108521      0.4673      1.4553E-07  1.4553E-07
 -0.689208984     -8.3104E-02   0.000       0.000    
 -0.770309448      0.8016       0.000       0.000    
 -0.851409912     -0.2369       0.000       0.000    
 -0.932510376     -0.8689       0.000       0.000    
  -1.01361084     -0.2215       0.000       0.000    
  -1.09471130      0.3239       0.000       0.000    
  -1.17581177      0.2563       0.000       0.000    
  -1.25691223      0.2436       0.000       0.000    
  -1.33801270     -8.9250E-02   0.000       0.000    
  -1.41911316     -0.4533       0.000       0.000    
  -1.50021362      3.2381E-04   0.000       0.000    
