   15.4184504     -0.1035      2.2861E-02  2.2861E-02   0.000    
   15.3328552      0.7368      2.5341E-02  2.5341E-02   0.000    
   15.2472601      0.2388      2.8062E-02  2.8062E-02   0.000    
   15.1616650     -3.2849E-02  3.1043E-02  3.1043E-02   0.000    
   15.0760698      0.3660      3.4306E-02  3.4306E-02   0.000    
   14.9904747      0.2672      3.7874E-02  3.7874E-02   0.000    
   14.9048796      0.4842      4.1770E-02  4.1770E-02   0.000    
   14.8192844     -0.8343      4.6019E-02  4.6019E-02   0.000    
   14.7336893     -0.5019      5.0650E-02  5.0650E-02   0.000    
   14.6480942     -0.3126      5.5690E-02  5.5690E-02   0.000    
   14.5624990     -0.1681      6.1169E-02  6.1169E-02   0.000    
   14.4769039     -0.2005      6.7118E-02  6.7118E-02   0.000    
   14.3913088     -0.6079      7.3572E-02  7.3572E-02   0.000    
   14.3057137     -0.2862      8.0563E-02  8.0563E-02   0.000    
   14.2201185     -0.5872      8.8130E-02  8.8130E-02   0.000    
   14.1345234     -0.3831      9.6308E-02  9.6308E-02   0.000    
   14.0489283      -1.116      0.1051      0.1051       0.000    
   13.9633331     -0.2379      0.1147      0.1147       0.000    
   13.8777380     -0.1774      0.1249      0.1249       0.000    
   13.7921429     -0.5355      0.1360      0.1360       0.000    
   13.7065477     -0.2139      0.1478      0.1478       0.000    
   13.6209526      0.1562      0.1606      0.1606       0.000    
   13.5353575      0.9243      0.1742      0.1742       0.000    
   13.4497623     -0.5662      0.1888      0.1888       0.000    
   13.3641672      0.3506      0.2045      0.2045       0.000    
   13.2785721      0.3821      0.2212      0.2212       0.000    
   13.1929770     -0.3721      0.2390      0.2390       0.000    
   13.1073818     -0.1679      0.2580      0.2580       0.000    
   13.0217867      -1.003      0.2783      0.2783       0.000    
   12.9361916     -7.1873E-02  0.2998      0.2998       0.000    
   12.8505964      0.2567      0.3226      0.3226       0.000    
   12.7650013      0.3290      0.3469      0.3469       0.000    
   12.6794062     -0.2380      0.3726      0.3726       0.000    
   12.5938110      0.3292      0.3998      0.3998       0.000    
   12.5082159      0.1281      0.4285      0.4285       0.000    
   12.4226208       1.032      0.4588      0.4588       0.000    
   12.3370256      0.3295      0.4908      0.4908       0.000    
   12.2514305      0.8453      0.5244      0.5244       0.000    
   12.1658354      0.3837      0.5598      0.5598       0.000    
   12.0802402      0.5852      0.5970      0.5970       0.000    
   11.9946451       1.274      0.6360      0.6360       0.000    
   11.9090500      0.6840      0.6769      0.6769       0.000    
   11.8234549       1.151      0.7196      0.7196       0.000    
   11.7378597      0.3766      0.7643      0.7643       0.000    
   11.6522646      0.2655      0.8109      0.8109       0.000    
   11.5666695       1.254      0.8595      0.8595       0.000    
   11.4810743      0.5315      0.9101      0.9101       0.000    
   11.3954792       1.073      0.9627      0.9627       0.000    
   11.3098841      6.8755E-04   1.017       1.017       0.000    
   11.2242889       1.500       1.074       1.074       0.000    
   11.1386938       1.490       1.132       1.132       0.000    
   11.0530987     -5.2780E-03   1.193       1.193       0.000    
   10.9675035       1.459       1.255       1.255       0.000    
   10.8819084       2.353       1.320       1.320      1.3754E-06
   10.7963133       2.469       1.386       1.386      2.1998E-06
   10.7107182       1.747       1.454       1.454      3.4932E-06
   10.6251230       3.075       1.524       1.524      5.5077E-06
   10.5395279       1.094       1.596       1.596      8.6221E-06
   10.4539328       1.466       1.669       1.669      1.3401E-05
   10.3683376       2.217       1.744       1.744      2.0682E-05
   10.2827425       2.191       1.821       1.821      3.1690E-05
   10.1971474       1.916       1.899       1.899      4.8212E-05
   10.1115522       2.885       1.978       1.978      7.2825E-05
   10.0259571       1.973       2.059       2.059      1.0922E-04
   9.94036198       2.076       2.140       2.140      1.6264E-04
   9.85476685       1.506       2.223       2.223      2.4046E-04
   9.76917171       2.718       2.306       2.306      3.5300E-04
   9.68357658       1.961       2.390       2.390      5.1450E-04
   9.59798145       2.284       2.475       2.474      7.4455E-04
   9.51238632       1.690       2.560       2.559      1.0698E-03
   9.42679119       2.235       2.646       2.645      1.5262E-03
   9.34119606       2.368       2.732       2.730      2.1618E-03
   9.25560093       1.959       2.818       2.815      3.0404E-03
   9.17000580       3.246       2.904       2.900      4.2455E-03
   9.08441067       3.156       2.990       2.984      5.8860E-03
   8.99881554       2.887       3.076       3.068      8.1025E-03
   8.91322041       2.922       3.161       3.150      1.1074E-02
   8.82762527       3.670       3.247       3.232      1.5028E-02
   8.74203014       3.958       3.333       3.313      2.0248E-02
   8.65643501       3.504       3.419       3.392      2.7088E-02
   8.57083988       3.452       3.505       3.469      3.5980E-02
   8.48524475       2.541       3.592       3.544      4.7450E-02
   8.39964962       3.816       3.680       3.618      6.2132E-02
   8.31405449       4.026       3.770       3.689      8.0778E-02
   8.22845936       4.356       3.862       3.758      0.1043    
   8.14286423       3.481       3.958       3.824      0.1336    
   8.05726910       5.228       4.057       3.887      0.1701    
   7.97167397       5.737       4.163       3.948      0.2149    
   7.88607883       5.017       4.275       4.005      0.2695    
   7.80048370       4.359       4.395       4.059      0.3357    
   7.71488857       4.220       4.525       4.110      0.4152    
   7.62929344       4.350       4.666       4.156      0.5098    
   7.54369831       4.993       4.821       4.200      0.6215    
   7.45810318       5.181       4.991       4.239      0.7523    
   7.37250805       5.512       5.178       4.274      0.9042    
   7.28691292       5.887       5.384       4.305       1.079    
   7.20131779       6.151       5.611       4.332       1.278    
   7.11572266       5.999       5.859       4.355       1.504    
   7.03012753       5.262       6.130       4.374       1.756    
   6.94453239       5.625       6.424       4.388       2.037    
   6.85893726       6.216       6.742       4.397       2.345    
   6.77334213       5.642       7.083       4.402       2.681    
   6.68774700       6.443       7.446       4.403       3.043    
   6.60215187       6.662       7.829       4.399       3.430    
   6.51655674       7.120       8.229       4.391       3.838    
   6.43096161       7.265       8.642       4.378       4.264    
   6.34536648       8.521       9.064       4.361       4.704    
   6.25977135       8.928       9.491       4.339       5.152    
   6.17417622       9.642       9.916       4.313       5.602    
   6.08858109       11.62       10.33       4.283       6.049    
   6.00298595       11.50       10.73       4.249       6.484    
   5.91739082       12.26       11.11       4.211       6.902    
   5.83179569       14.02       11.46       4.169       7.294    
   5.74620056       13.26       11.78       4.123       7.654    
   5.66060543       14.55       12.05       4.074       7.974    
   5.57501030       12.48       12.27       4.021       8.248    
   5.48941517       12.81       12.44       3.964       8.472    
   5.40382004       12.32       12.54       3.905       8.639    
   5.31822491       12.81       12.59       3.842       8.747    
   5.23262978       12.16       12.57       3.777       8.793    
   5.14703465       10.86       12.48       3.709       8.776    
   5.06143951       11.06       12.34       3.638       8.697    
   4.97584438       11.57       12.12       3.565       8.558    
   4.89024925       10.34       11.85       3.490       8.361    
   4.80465412       10.77       11.52       3.414       8.110    
   4.71905899       10.20       11.15       3.335       7.810    
   4.63346386       10.25       10.72       3.255       7.469    
   4.54786873       10.09       10.26       3.174       7.091    
   4.46227360       9.912       9.776       3.091       6.685    
   4.37667847       9.851       9.264       3.008       6.256    
   4.29108334       9.094       8.738       2.924       5.814    
   4.20548820       9.309       8.204       2.839       5.365    
   4.11989307       7.133       7.669       2.754       4.915    
   4.03429794       7.027       7.139       2.669       4.470    
   3.94870281       6.479       6.621       2.583       4.037    
   3.86310768       6.548       6.119       2.498       3.620    
   3.77751255       6.486       5.637       2.414       3.223    
   3.69191742       6.653       5.179       2.330       2.849    
   3.60632229       5.198       4.747       2.246       2.501    
   3.52072716       4.391       4.342       2.163       2.179    
   3.43513203       4.340       3.967       2.081       1.885    
   3.34953690       3.792       3.620       2.001       1.620    
   3.26394176       3.420       3.303       1.921       1.382    
   3.17834663       2.994       3.013       1.843       1.170    
   3.09275150       2.457       2.750       1.766      0.9838    
   3.00715637       2.830       2.512       1.690      0.8214    
   2.92156124       2.482       2.297       1.617      0.6808    
   2.83596611       1.434       2.105       1.544      0.5604    
   2.75037098       2.073       1.932       1.474      0.4579    
   2.66477585       2.318       1.777       1.405      0.3715    
   2.57918072       1.553       1.638       1.338      0.2993    
   2.49358559       1.396       1.513       1.273      0.2394    
   2.40799046      0.2201       1.401       1.210      0.1901    
   2.32239532      0.6373       1.299       1.149      0.1499    
   2.23680019      0.7642       1.208       1.090      0.1174    
   2.15120506      0.1841       1.124       1.033      9.1219E-02
   2.06560993      0.6211       1.048      0.9779      7.0401E-02
   1.98001480       1.532      0.9787      0.9248      5.3947E-02
   1.89441967       1.389      0.9147      0.8736      4.1044E-02
   1.80882454      0.8886      0.8555      0.8245      3.1005E-02
   1.72322941       1.161      0.8006      0.7773      2.3255E-02
   1.63763428      0.3454      0.7494      0.7321      1.7318E-02
   1.55203915      0.2529      0.7016      0.6888      1.2805E-02
   1.46644402       1.259      0.6568      0.6474      9.4003E-03
   1.38084888      4.0460E-02  0.6147      0.6079      6.8520E-03
   1.29525375       1.046      0.5751      0.5702      4.9589E-03
   1.20965862      0.2381      0.5378      0.5343      3.5633E-03
   1.12406349      0.4249      0.5027      0.5001      2.5422E-03
   1.03846836     -0.4224      0.4695      0.4677      1.8008E-03
  0.952873230      0.2469      0.4382      0.4369      1.2666E-03
  0.867278099       1.320      0.4086      0.4077      8.8448E-04
  0.781682968      0.4119      0.3807      0.3801      6.1325E-04
  0.696087837      0.2351      0.3544      0.3540      4.2217E-04
  0.610492706       1.217      0.3296      0.3294      2.8856E-04
  0.524897575     -6.2783E-03  0.3063      0.3061      1.9583E-04
  0.439302444       1.367      0.2844      0.2842      1.3196E-04
  0.353707314     -0.5282      0.2637      0.2636      8.8282E-05
  0.268112183      0.2697      0.2443      0.2443      5.8642E-05
  0.182517052       1.184      0.2262      0.2261      3.8676E-05
  9.692192078E-02  3.9650E-02  0.2091      0.2091      2.5327E-05
  1.132678986E-02 -0.3878      0.1932      0.1932      1.6467E-05
 -7.426834106E-02  0.3256      0.1783      0.1782      1.0630E-05
 -0.159863472       1.337      0.1643      0.1643      6.8134E-06
 -0.245458603      0.4731      0.1513      0.1513      4.3359E-06
 -0.331053734       1.042      0.1392      0.1392      2.7397E-06
 -0.416648865      0.3661      0.1280      0.1280      1.7188E-06
 -0.502243996      0.2297      0.1175      0.1175      1.0706E-06
 -0.587839127      4.8859E-02  0.1078      0.1078       0.000    
 -0.673434258      -1.069      9.8737E-02  9.8737E-02   0.000    
 -0.759029388     -0.6995      9.0378E-02  9.0378E-02   0.000    
 -0.844624519       1.043      8.2643E-02  8.2643E-02   0.000    
 -0.930219650      4.8289E-02  7.5492E-02  7.5492E-02   0.000    
  -1.01581478     -0.6018      6.8890E-02  6.8890E-02   0.000    
  -1.10140991      0.3700      6.2802E-02  6.2802E-02   0.000    
  -1.18700504      0.1608      5.7193E-02  5.7193E-02   0.000    
  -1.27260017     -0.1498      5.2032E-02  5.2032E-02   0.000    
  -1.35819530     -0.7871      4.7289E-02  4.7289E-02   0.000    
  -1.44379044     -0.2267      4.2934E-02  4.2934E-02   0.000    
  -1.52938557      0.4282      3.8941E-02  3.8941E-02   0.000    
  -1.61498070      0.4744      3.5283E-02  3.5283E-02   0.000    
  -1.70057583       1.339      3.1936E-02  3.1936E-02   0.000    
  -1.78617096     -0.1612      2.8877E-02  2.8877E-02   0.000    
  -1.87176609     -0.9405      2.6085E-02  2.6085E-02   0.000    
  -1.95736122     -0.3504      2.3539E-02  2.3539E-02   0.000    
  -2.04295635      0.2700      2.1219E-02  2.1219E-02   0.000    
  -2.12855148      0.1682      1.9109E-02  1.9109E-02   0.000    
  -2.21414661      0.6193      1.7191E-02  1.7191E-02   0.000    
  -2.29974174     -0.3184      1.5450E-02  1.5450E-02   0.000    
  -2.38533688      0.1997      1.3871E-02  1.3871E-02   0.000    
  -2.47093201     -0.7334      1.2440E-02  1.2440E-02   0.000    
  -2.55652714     -0.1011      1.1146E-02  1.1146E-02   0.000    
  -2.64212227      0.2746      9.9766E-03  9.9766E-03   0.000    
  -2.72771740      -1.170      8.9206E-03  8.9206E-03   0.000    
  -2.81331253       1.406      7.9682E-03  7.9682E-03   0.000    
  -2.89890766      0.3462      7.1103E-03  7.1103E-03   0.000    
  -2.98450279     -0.2827      6.3382E-03  6.3382E-03   0.000    
  -3.07009792      0.7070      5.6443E-03  5.6443E-03   0.000    
  -3.15569305     -6.7352E-02  5.0212E-03  5.0212E-03   0.000    
  -3.24128819     -1.3644E-02  4.4623E-03  4.4623E-03   0.000    
  -3.32688332     -0.3922      3.9617E-03  3.9617E-03   0.000    
  -3.41247845     -0.1897      3.5136E-03  3.5136E-03   0.000    
  -3.49807358      0.7952      3.1130E-03  3.1130E-03   0.000    
  -3.58366871      0.2093      2.7553E-03  2.7553E-03   0.000    
  -3.66926384      0.6767      2.4362E-03  2.4362E-03   0.000    
  -3.75485897      0.2066      2.1518E-03  2.1518E-03   0.000    
  -3.84045410      0.1916      1.8988E-03  1.8988E-03   0.000    
  -3.92604923     -0.9501      1.6737E-03  1.6737E-03   0.000    
  -4.01164436     -3.1544E-02  1.4739E-03  1.4739E-03   0.000    
  -4.09723949      0.1586      1.2966E-03  1.2966E-03   0.000    
  -4.18283463      0.7137      1.1394E-03  1.1394E-03   0.000    
  -4.26842976      2.9620E-02  1.0003E-03  1.0003E-03   0.000    
  -4.35402489     -9.4160E-02  8.7729E-04  8.7729E-04   0.000    
  -4.43962002     -0.9728      7.6861E-04  7.6861E-04   0.000    
  -4.52521515      3.5929E-02  6.7271E-04  6.7271E-04   0.000    
  -4.61081028     -9.4508E-02  5.8818E-04  5.8818E-04   0.000    
