   19.0127058      0.5669       0.000       0.000    
   18.9316130     -0.3392       0.000       0.000    
   18.8505201     -0.1632       0.000       0.000    
   18.7694273      0.1585       0.000       0.000    
   18.6883345     -0.1503       0.000       0.000    
   18.6072416     -0.3880       0.000       0.000    
   18.5261488       1.182       0.000       0.000    
   18.4450560      0.5046       0.000       0.000    
   18.3639631       1.167       0.000       0.000    
   18.2828703      0.5691       0.000       0.000    
   18.2017775      0.3301       0.000       0.000    
   18.1206846      0.2209       0.000       0.000    
   18.0395918     -0.4910       0.000       0.000    
   17.9584990     -0.4347       0.000       0.000    
   17.8774061     -0.1773       0.000       0.000    
   17.7963133     -2.4625E-02   0.000       0.000    
   17.7152205      0.3873       0.000       0.000    
   17.6341276     -0.3693       0.000       0.000    
   17.5530348     -0.4252       0.000       0.000    
   17.4719419     -0.9308       0.000       0.000    
   17.3908491      0.8893       0.000       0.000    
   17.3097563     -0.1787       0.000       0.000    
   17.2286634      0.4024       0.000       0.000    
   17.1475706      0.1891       0.000       0.000    
   17.0664778     -0.3464       0.000       0.000    
   16.9853849      2.7731E-02   0.000       0.000    
   16.9042921      0.3351       0.000       0.000    
   16.8231993      0.6816       0.000       0.000    
   16.7421064     -0.8838       0.000       0.000    
   16.6610136      0.1133       0.000       0.000    
   16.5799208      0.2926       0.000       0.000    
   16.4988279     -0.7562       0.000       0.000    
   16.4177351     -0.3923       0.000       0.000    
   16.3366423     -0.3693       0.000       0.000    
   16.2555494     -0.1068       0.000       0.000    
   16.1744566      0.9730       0.000       0.000    
   16.0933638     -0.3007       0.000       0.000    
   16.0122709      0.1427       0.000       0.000    
   15.9311781      0.5781       0.000       0.000    
   15.8500853      0.4787       0.000       0.000    
   15.7689924     -0.3065       0.000       0.000    
   15.6878996     -0.3686       0.000       0.000    
   15.6068068      0.7985       0.000       0.000    
   15.5257139      0.8103       0.000       0.000    
   15.4446211      0.1585       0.000       0.000    
   15.3635283      0.3808       0.000       0.000    
   15.2824354     -0.2622       0.000       0.000    
   15.2013426      0.2240       0.000       0.000    
   15.1202497     -0.5836       0.000       0.000    
   15.0391569     -0.7171       0.000       0.000    
   14.9580641      0.4139       0.000       0.000    
   14.8769712     -0.4284       0.000       0.000    
   14.7958784      -1.104       0.000       0.000    
   14.7147856     -0.9064       0.000       0.000    
   14.6336927     -0.1916       0.000       0.000    
   14.5525999     -3.1950E-02   0.000       0.000    
   14.4715071      0.2640       0.000       0.000    
   14.3904142      0.8225       0.000       0.000    
   14.3093214     -0.4214       0.000       0.000    
   14.2282286      0.2500       0.000       0.000    
   14.1471357      0.6578       0.000       0.000    
   14.0660429      0.3374       0.000       0.000    
   13.9849501     -0.7959       0.000       0.000    
   13.9038572     -0.1623       0.000       0.000    
   13.8227644     -0.9969       0.000       0.000    
   13.7416716      0.1098       0.000       0.000    
   13.6605787      0.7073       0.000       0.000    
   13.5794859      0.3739       0.000       0.000    
   13.4983931      0.4540       0.000       0.000    
   13.4173002      7.2943E-02   0.000       0.000    
   13.3362074      0.4760       0.000       0.000    
   13.2551146      0.4127       0.000       0.000    
   13.1740217     -0.1488       0.000       0.000    
   13.0929289     -0.4510       0.000       0.000    
   13.0118361      0.4903       0.000       0.000    
   12.9307432     -0.7498       0.000       0.000    
   12.8496504      3.2425E-05   0.000       0.000    
   12.7685575      0.2525       0.000       0.000    
   12.6874647     -0.6781       0.000       0.000    
   12.6063719     -0.3451       0.000       0.000    
   12.5252790     -0.5111       0.000       0.000    
   12.4441862      0.5913       0.000       0.000    
   12.3630934      0.5282      9.1047E-07  9.1047E-07
   12.2820005     -7.5489E-02  1.8043E-06  1.8043E-06
   12.2009077      0.1321      3.5215E-06  3.5215E-06
   12.1198149      0.2768      6.7694E-06  6.7694E-06
   12.0387220     -8.1163E-02  1.2816E-05  1.2816E-05
   11.9576292     -0.3750      2.3898E-05  2.3898E-05
   11.8765364      0.6706      4.3890E-05  4.3890E-05
   11.7954435     -0.4518      7.9389E-05  7.9389E-05
   11.7143507      -1.078      1.4143E-04  1.4143E-04
   11.6332579     -0.9595      2.4815E-04  2.4815E-04
   11.5521650     -0.1909      4.2884E-04  4.2884E-04
   11.4710722      0.1490      7.2988E-04  7.2988E-04
   11.3899794     -0.4308      1.2235E-03  1.2235E-03
   11.3088865     -0.4485      2.0200E-03  2.0200E-03
   11.2277937      0.2498      3.2847E-03  3.2847E-03
   11.1467009       1.068      5.2606E-03  5.2606E-03
   11.0656080       1.305      8.2977E-03  8.2977E-03
   10.9845152      0.8004      1.2891E-02  1.2891E-02
   10.9034224      6.2859E-02  1.9724E-02  1.9724E-02
   10.8223295     -0.3352      2.9723E-02  2.9723E-02
   10.7412367      0.6652      4.4116E-02  4.4116E-02
   10.6601439     -0.4194      6.4488E-02  6.4488E-02
   10.5790510     -2.2579E-02  9.2846E-02  9.2846E-02
   10.4979582     -0.3658      0.1317      0.1317    
   10.4168653      0.5494      0.1839      0.1839    
   10.3357725      0.8976      0.2529      0.2529    
   10.2546797       1.258      0.3426      0.3426    
   10.1735868     -0.3843      0.4572      0.4572    
   10.0924940       1.014      0.6008      0.6008    
   10.0114012       1.274      0.7776      0.7776    
   9.93030834       1.365      0.9912      0.9912    
   9.84921551       1.925       1.244       1.244    
   9.76812267       1.484       1.539       1.539    
   9.68702984       2.339       1.874       1.874    
   9.60593700       2.496       2.248       2.248    
   9.52484417       2.878       2.656       2.656    
   9.44375134       3.061       3.090       3.090    
   9.36265850       3.436       3.541       3.541    
   9.28156567       4.126       3.997       3.997    
   9.20047283       3.661       4.443       4.443    
   9.11938000       4.169       4.864       4.864    
   9.03828716       5.265       5.245       5.245    
   8.95719433       4.774       5.571       5.571    
   8.87610149       6.408       5.827       5.827    
   8.79500866       6.580       6.003       6.003    
   8.71391582       5.453       6.091       6.091    
   8.63282299       6.060       6.087       6.087    
   8.55173016       5.260       5.991       5.991    
   8.47063732       5.554       5.807       5.807    
   8.38954449       5.635       5.545       5.545    
   8.30845165       6.228       5.214       5.214    
   8.22735882       5.470       4.829       4.829    
   8.14626598       4.869       4.404       4.404    
   8.06517315       4.751       3.957       3.957    
   7.98408031       4.321       3.501       3.501    
   7.90298748       2.748       3.051       3.051    
   7.82189465       1.639       2.619       2.619    
   7.74080181       1.849       2.214       2.214    
   7.65970898       2.055       1.843       1.843    
   7.57861614       1.281       1.511       1.511    
   7.49752331      0.5237       1.221       1.221    
   7.41643047      0.4781      0.9709      0.9709    
   7.33533764      0.6979      0.7606      0.7606    
   7.25424480      0.4394      0.5869      0.5869    
   7.17315197     -0.4166      0.4460      0.4460    
   7.09205914     -0.4921      0.3338      0.3338    
   7.01096630     -0.4880      0.2461      0.2461    
   6.92987347     -0.2973      0.1787      0.1787    
   6.84878063     -0.3512      0.1278      0.1278    
   6.76768780     -0.2757      8.9973E-02  8.9973E-02
   6.68659496      0.6853      6.2409E-02  6.2409E-02
   6.60550213      0.7847      4.2636E-02  4.2636E-02
   6.52440929       1.168      2.8688E-02  2.8688E-02
   6.44331646      0.2567      1.9011E-02  1.9011E-02
   6.36222363     -0.2881      1.2408E-02  1.2408E-02
   6.28113079     -0.9223      7.9766E-03  7.9766E-03
   6.20003796     -3.4983E-02  5.0502E-03  5.0502E-03
   6.11894512      0.3173      3.1492E-03  3.1492E-03
   6.03785229     -0.1751      1.9341E-03  1.9341E-03
   5.95675945     -0.3480      1.1699E-03  1.1699E-03
   5.87566662      7.1827E-02  6.9696E-04  6.9696E-04
   5.79457378     -0.3647      4.0894E-04  4.0894E-04
   5.71348095      0.1794      2.3633E-04  2.3633E-04
   5.63238811      0.5480      1.3451E-04  1.3451E-04
   5.55129528      7.5406E-02  7.5403E-05  7.5403E-05
   5.47020245     -0.3702      4.1631E-05  4.1631E-05
   5.38910961     -0.2656      2.2638E-05  2.2638E-05
   5.30801678     -0.5677      1.2124E-05  1.2124E-05
   5.22692394     -0.4045      6.3952E-06  6.3952E-06
   5.14583111      0.2834      3.3224E-06  3.3224E-06
   5.06473827     -0.3223      1.7000E-06  1.7000E-06
   4.98364544     -0.4740      8.5670E-07  8.5670E-07
   4.90255260     -0.3726       0.000       0.000    
   4.82145977     -0.9517       0.000       0.000    
   4.74036694      4.8831E-02   0.000       0.000    
   4.65927410      6.4204E-02   0.000       0.000    
   4.57818127     -0.3396       0.000       0.000    
   4.49708843      0.1677       0.000       0.000    
   4.41599560     -0.9209       0.000       0.000    
   4.33490276     -0.1016       0.000       0.000    
   4.25380993     -0.2991       0.000       0.000    
   4.17271709      0.7187       0.000       0.000    
   4.09162426      0.3279       0.000       0.000    
   4.01053143     -0.5292       0.000       0.000    
   3.92943859      1.4507E-02   0.000       0.000    
   3.84834576      1.8181E-03   0.000       0.000    
   3.76725292     -0.3972       0.000       0.000    
   3.68616009      2.7214E-03   0.000       0.000    
   3.60506725      0.5154       0.000       0.000    
   3.52397442      7.5841E-02   0.000       0.000    
   3.44288158      9.2134E-02   0.000       0.000    
   3.36178875      0.2723       0.000       0.000    
   3.28069592      0.3800       0.000       0.000    
   3.19960308     -0.1918       0.000       0.000    
   3.11851025      0.5444       0.000       0.000    
   3.03741741     -0.3396       0.000       0.000    
   2.95632458     -5.0043E-02   0.000       0.000    
   2.87523174     -6.5491E-02   0.000       0.000    
   2.79413891      0.6393       0.000       0.000    
   2.71304607      0.2416       0.000       0.000    
   2.63195324      3.6584E-02   0.000       0.000    
   2.55086040     -0.2228       0.000       0.000    
   2.46976757     -0.8872       0.000       0.000    
   2.38867474      -1.616       0.000       0.000    
   2.30758190     -0.7141       0.000       0.000    
   2.22648907      0.2813       0.000       0.000    
   2.14539623     -0.4634       0.000       0.000    
   2.06430340     -0.4507       0.000       0.000    
   1.98321056     -0.2587       0.000       0.000    
   1.90211773     -0.2251       0.000       0.000    
   1.82102489      0.6754       0.000       0.000    
   1.73993206     -0.5553       0.000       0.000    
   1.65883923      0.1738       0.000       0.000    
   1.57774639     -0.2049       0.000       0.000    
   1.49665356     -5.6023E-02   0.000       0.000    
   1.41556072     -0.3787       0.000       0.000    
   1.33446789      0.1043       0.000       0.000    
   1.25337505     -0.5652       0.000       0.000    
   1.17228222      0.3573       0.000       0.000    
   1.09118938       1.010       0.000       0.000    
   1.01009655     -0.5690       0.000       0.000    
  0.929003716     -7.3214E-02   0.000       0.000    
  0.847910881      9.6377E-02   0.000       0.000    
  0.766818047      -1.223       0.000       0.000    
  0.685725212      -1.297       0.000       0.000    
  0.604632378      0.2895       0.000       0.000    
  0.523539543      0.6717       0.000       0.000    
  0.442446709      0.3981       0.000       0.000    
  0.361353874      0.2559       0.000       0.000    
  0.280261040      0.9094       0.000       0.000    
  0.199168205      0.5924       0.000       0.000    
  0.118075371     -6.9464E-02   0.000       0.000    
  3.698253632E-02 -0.1722       0.000       0.000    
 -4.411029816E-02  0.9754       0.000       0.000    
 -0.125203133     -1.4322E-02   0.000       0.000    
 -0.206295967     -0.7021       0.000       0.000    
 -0.287388802     -0.7482       0.000       0.000    
 -0.368481636     -0.6596       0.000       0.000    
 -0.449574471      0.8708       0.000       0.000    
 -0.530667305     -0.4992       0.000       0.000    
 -0.611760139     -0.8749       0.000       0.000    
 -0.692852974     -0.3301       0.000       0.000    
 -0.773945808      0.8362       0.000       0.000    
 -0.855038643      0.3574       0.000       0.000    
 -0.936131477      0.6175       0.000       0.000    
  -1.01722431     -0.1589       0.000       0.000    
