   17.3258209      0.5878       0.000       0.000    
   17.2447281     -0.8618       0.000       0.000    
   17.1636353      0.3789       0.000       0.000    
   17.0825424     -0.8506       0.000       0.000    
   17.0014496     -0.4018       0.000       0.000    
   16.9203568      -1.047       0.000       0.000    
   16.8392639     -0.3744       0.000       0.000    
   16.7581711     -0.3526       0.000       0.000    
   16.6770782     -0.2946       0.000       0.000    
   16.5959854      0.2917       0.000       0.000    
   16.5148926      4.0890E-02   0.000       0.000    
   16.4337997     -0.1502       0.000       0.000    
   16.3527069     -0.2440       0.000       0.000    
   16.2716141     -0.3965       0.000       0.000    
   16.1905212      0.2277      2.2519E-07  2.2519E-07
   16.1094284      0.4859      2.9693E-07  2.9693E-07
   16.0283356     -2.3027E-02  3.9058E-07  3.9058E-07
   15.9472427     -0.9169      5.1250E-07  5.1250E-07
   15.8661499      3.4739E-02  6.7086E-07  6.7086E-07
   15.7850571     -0.6671      8.7601E-07  8.7601E-07
   15.7039642      0.2099      1.1411E-06  1.1411E-06
   15.6228714      0.3399      1.4828E-06  1.4828E-06
   15.5417786      0.2721      1.9221E-06  1.9221E-06
   15.4606857     -0.1349      2.4856E-06  2.4856E-06
   15.3795929     -0.6554      3.2063E-06  3.2063E-06
   15.2985001      0.2347      4.1261E-06  4.1261E-06
   15.2174072      0.9731      5.2967E-06  5.2967E-06
   15.1363144     -0.2731      6.7828E-06  6.7828E-06
   15.0552216     -0.5809      8.6649E-06  8.6649E-06
   14.9741287     -5.7190E-02  1.1042E-05  1.1042E-05
   14.8930359     -4.4026E-02  1.4037E-05  1.4037E-05
   14.8119431     -0.4862      1.7802E-05  1.7802E-05
   14.7308502      -1.106      2.2521E-05  2.2521E-05
   14.6497574      -1.463      2.8421E-05  2.8421E-05
   14.5686646      0.8861      3.5780E-05  3.5780E-05
   14.4875717       1.986      4.4935E-05  4.4935E-05
   14.4064789      -1.421      5.6295E-05  5.6295E-05
   14.3253860      8.4813E-02  7.0355E-05  7.0355E-05
   14.2442932     -0.4752      8.7712E-05  8.7712E-05
   14.1632004      0.7832      1.0909E-04  1.0909E-04
   14.0821075     -0.4195      1.3534E-04  1.3534E-04
   14.0010147      0.1472      1.6750E-04  1.6750E-04
   13.9199219      0.2100      2.0680E-04  2.0680E-04
   13.8388290      0.6323      2.5470E-04  2.5470E-04
   13.7577362       1.016      3.1292E-04  3.1292E-04
   13.6766434      4.9482E-02  3.8353E-04  3.8353E-04
   13.5955505     -0.6306      4.6892E-04  4.6892E-04
   13.5144577     -0.1075      5.7193E-04  5.7193E-04
   13.4333649     -0.1189      6.9586E-04  6.9586E-04
   13.3522720      0.6423      8.4460E-04  8.4460E-04
   13.2711792      0.9654      1.0226E-03  1.0226E-03
   13.1900864     -0.7249      1.2352E-03  1.2352E-03
   13.1089935      3.1590E-02  1.4883E-03  1.4883E-03
   13.0279007      0.1189      1.7888E-03  1.7888E-03
   12.9468079     -6.9735E-02  2.1449E-03  2.1449E-03
   12.8657150     -0.5237      2.5655E-03  2.5655E-03
   12.7846222     -0.1448      3.0612E-03  3.0612E-03
   12.7035294     -0.2096      3.6438E-03  3.6438E-03
   12.6224365      0.5607      4.3267E-03  4.3267E-03
   12.5413437       1.374      5.1250E-03  5.1250E-03
   12.4602509     -0.4200      6.0559E-03  6.0559E-03
   12.3791580      0.3636      7.1385E-03  7.1385E-03
   12.2980652     -0.2716      8.3941E-03  8.3941E-03
   12.2169724     -0.3241      9.8465E-03  9.8465E-03
   12.1358795      0.2822      1.1522E-02  1.1522E-02
   12.0547867      0.5626      1.3450E-02  1.3450E-02
   11.9736938      0.3896      1.5662E-02  1.5662E-02
   11.8926010      0.1980      1.8194E-02  1.8194E-02
   11.8115082     -0.1551      2.1084E-02  2.1084E-02
   11.7304153      0.2665      2.4373E-02  2.4373E-02
   11.6493225      0.3296      2.8107E-02  2.8107E-02
   11.5682297      0.3874      3.2334E-02  3.2334E-02
   11.4871368     -4.2046E-02  3.7105E-02  3.7105E-02
   11.4060440     -0.7745      4.2478E-02  4.2478E-02
   11.3249512     -0.8481      4.8510E-02  4.8510E-02
   11.2438583     -0.6482      5.5264E-02  5.5264E-02
   11.1627655     -0.6056      6.2804E-02  6.2804E-02
   11.0816727      0.1543      7.1200E-02  7.1200E-02
   11.0005798     -0.7014      8.0522E-02  8.0522E-02
   10.9194870      0.1633      9.0843E-02  9.0843E-02
   10.8383942      0.3761      0.1022      0.1022    
   10.7573013     -0.5068      0.1148      0.1148    
   10.6762085      0.2918      0.1285      0.1285    
   10.5951157     -0.3464      0.1436      0.1436    
   10.5140228      0.6822      0.1601      0.1601    
   10.4329300     -0.3193      0.1780      0.1780    
   10.3518372     -0.1175      0.1974      0.1974    
   10.2707443     -0.2007      0.2184      0.2184    
   10.1896515     -0.9722      0.2410      0.2410    
   10.1085587     -4.1119E-02  0.2654      0.2654    
   10.0274658       1.197      0.2915      0.2915    
   9.94637299      0.5861      0.3193      0.3193    
   9.86528015      3.8655E-02  0.3490      0.3490    
   9.78418732      0.5086      0.3806      0.3806    
   9.70309448      0.3495      0.4139      0.4139    
   9.62200165      0.8040      0.4491      0.4491    
   9.54090881      0.2856      0.4861      0.4861    
   9.45981598     -0.4445      0.5249      0.5249    
   9.37872314      0.1968      0.5654      0.5654    
   9.29763031      5.4107E-02  0.6075      0.6075    
   9.21653748       1.228      0.6512      0.6512    
   9.13544464      0.5435      0.6963      0.6963    
   9.05435181       1.682      0.7427      0.7427    
   8.97325897      0.3610      0.7903      0.7903    
   8.89216614      0.4705      0.8389      0.8389    
   8.81107330       1.142      0.8883      0.8883    
   8.72998047       1.658      0.9384      0.9384    
   8.64888763       1.033      0.9888      0.9888    
   8.56779480       1.341       1.039       1.039    
   8.48670197       1.807       1.090       1.090    
   8.40560913       1.478       1.140       1.140    
   8.32451630       1.687       1.190       1.190    
   8.24342346       1.345       1.239       1.239    
   8.16233063       1.257       1.286       1.286    
   8.08123779       1.117       1.333       1.333    
   8.00014496       1.607       1.377       1.377    
   7.91905212       1.129       1.420       1.420    
   7.83795929       1.101       1.460       1.460    
   7.75686646       1.303       1.498       1.498    
   7.67577362      0.3905       1.533       1.533    
   7.59468079       2.280       1.565       1.565    
   7.51358795       2.516       1.594       1.594    
   7.43249512       1.169       1.619       1.619    
   7.35140228       1.874       1.641       1.641    
   7.27030945       1.020       1.659       1.659    
   7.18921661       2.548       1.673       1.673    
   7.10812378       1.533       1.683       1.683    
   7.02703094       1.336       1.689       1.689    
   6.94593811       2.095       1.691       1.691    
   6.86484528       1.310       1.689       1.689    
   6.78375244       2.120       1.683       1.683    
   6.70265961       1.568       1.673       1.673    
   6.62156677       1.755       1.659       1.659    
   6.54047394       1.604       1.640       1.640    
   6.45938110       1.042       1.619       1.619    
   6.37828827       1.415       1.593       1.593    
   6.29719543       1.117       1.564       1.564    
   6.21610260       1.997       1.532       1.532    
   6.13500977       1.294       1.497       1.497    
   6.05391693      0.9948       1.459       1.459    
   5.97282410       1.786       1.419       1.419    
   5.89173126      0.9469       1.376       1.376    
   5.81063843       1.849       1.332       1.332    
   5.72954559       1.869       1.285       1.285    
   5.64845276      0.2667       1.238       1.238    
   5.56735992       1.361       1.189       1.189    
   5.48626709      0.6233       1.139       1.139    
   5.40517426       1.323       1.089       1.089    
   5.32408142       1.099       1.038       1.038    
   5.24298859       1.256      0.9877      0.9877    
   5.16189575       1.076      0.9373      0.9373    
   5.08080292       1.024      0.8872      0.8872    
   4.99971008       1.736      0.8378      0.8378    
   4.91861725      0.8259      0.7893      0.7893    
   4.83752441     -0.3919      0.7417      0.7417    
   4.75643158      0.7826      0.6953      0.6953    
   4.67533875      8.3312E-02  0.6502      0.6502    
   4.59424591       1.166      0.6066      0.6066    
   4.51315308     -0.3601      0.5645      0.5645    
   4.43206024      0.3149      0.5240      0.5240    
   4.35096741      0.3994      0.4853      0.4853    
   4.26987457      0.6919      0.4483      0.4483    
   4.18878174      0.6744      0.4132      0.4132    
   4.10768890      0.3543      0.3798      0.3798    
   4.02659607      0.7742      0.3484      0.3484    
   3.94550323      0.4800      0.3187      0.3187    
   3.86441040      0.7609      0.2909      0.2909    
   3.78331757       1.060      0.2648      0.2648    
   3.70222473     -0.1496      0.2405      0.2405    
   3.62113190      0.5357      0.2179      0.2179    
   3.54003906     -0.1576      0.1969      0.1969    
   3.45894623     -0.1223      0.1775      0.1775    
   3.37785339       2.061      0.1597      0.1597    
   3.29676056      9.1356E-02  0.1433      0.1433    
   3.21566772      -1.166      0.1282      0.1282    
   3.13457489      -1.096      0.1145      0.1145    
   3.05348206     -0.6285      0.1020      0.1020    
   2.97238922      0.7715      9.0601E-02  9.0601E-02
   2.89129639      0.3664      8.0304E-02  8.0304E-02
   2.81020355      0.7399      7.1003E-02  7.1003E-02
   2.72911072     -0.1375      6.2627E-02  6.2627E-02
   2.64801788      0.5013      5.5105E-02  5.5105E-02
   2.56692505       1.065      4.8368E-02  4.8368E-02
   2.48583221      0.6920      4.2351E-02  4.2351E-02
   2.40473938       1.217      3.6993E-02  3.6993E-02
   2.32364655      0.9382      3.2233E-02  3.2233E-02
   2.24255371     -0.3758      2.8018E-02  2.8018E-02
   2.16146088      0.4319      2.4295E-02  2.4295E-02
   2.08036804      0.6022      2.1015E-02  2.1015E-02
   1.99927521     -4.7545E-02  1.8134E-02  1.8134E-02
   1.91818237     -0.5027      1.5610E-02  1.5610E-02
   1.83708954     -0.6872      1.3404E-02  1.3404E-02
   1.75599670      0.2199      1.1482E-02  1.1482E-02
   1.67490387      0.1680      9.8118E-03  9.8118E-03
   1.59381104      0.2728      8.3640E-03  8.3640E-03
   1.51271820     -0.5979      7.1125E-03  7.1125E-03
   1.43162537     -9.8790E-02  6.0336E-03  6.0336E-03
   1.35053253      3.0516E-02  5.1058E-03  5.1058E-03
   1.26943970     -2.1185E-02  4.3102E-03  4.3102E-03
   1.18834686     -9.2464E-02  3.6297E-03  3.6297E-03
   1.10725403     -0.2477      3.0493E-03  3.0493E-03
   1.02616119      0.4845      2.5554E-03  2.5554E-03
  0.945068359     -1.9760E-02  2.1363E-03  2.1363E-03
  0.863975525      0.2599      1.7815E-03  1.7815E-03
  0.782882690     -0.1123      1.4821E-03  1.4821E-03
  0.701789856     -5.3187E-03  1.2300E-03  1.2300E-03
  0.620697021     -0.8139      1.0183E-03  1.0183E-03
  0.539604187       1.159      8.4097E-04  8.4097E-04
  0.458511353      0.1651      6.9284E-04  6.9284E-04
  0.377418518     -3.0148E-02  5.6941E-04  5.6941E-04
  0.296325684     -0.2583      4.6683E-04  4.6683E-04
  0.215232849     -0.4553      3.8180E-04  3.8180E-04
  0.134140015     -0.5147      3.1150E-04  3.1150E-04
  5.304718018E-02 -0.4273      2.5352E-04  2.5352E-04
 -2.804565430E-02   1.176      2.0583E-04  2.0583E-04
 -0.109138489     -0.7163      1.6671E-04  1.6671E-04
 -0.190231323     -0.4520      1.3469E-04  1.3469E-04
 -0.271324158       1.284      1.0856E-04  1.0856E-04
 -0.352416992      0.4163      8.7284E-05  8.7284E-05
 -0.433509827     -0.6534      7.0007E-05  7.0007E-05
 -0.514602661     -0.3341      5.6014E-05  5.6014E-05
 -0.595695496     -0.3780      4.4708E-05  4.4708E-05
 -0.676788330     -6.0331E-02  3.5598E-05  3.5598E-05
 -0.757881165     -0.5793      2.8275E-05  2.8275E-05
 -0.838973999     -0.2427      2.2403E-05  2.2403E-05
 -0.920066833     -0.2358      1.7708E-05  1.7708E-05
  -1.00115967     -0.8472      1.3963E-05  1.3963E-05
  -1.08225250      -1.021      1.0983E-05  1.0983E-05
  -1.16334534     -0.4578      8.6179E-06  8.6179E-06
  -1.24443817     -0.8718      6.7457E-06  6.7457E-06
  -1.32553101      0.2426      5.2674E-06  5.2674E-06
  -1.40662384       1.205      4.1030E-06  4.1030E-06
  -1.48771667      0.6208      3.1883E-06  3.1883E-06
  -1.56880951      0.6189      2.4714E-06  2.4714E-06
  -1.64990234      0.9487      1.9111E-06  1.9111E-06
  -1.73099518     -0.1568      1.4742E-06  1.4742E-06
  -1.81208801       1.051      1.1344E-06  1.1344E-06
  -1.89318085     -0.3201      8.7083E-07  8.7083E-07
  -1.97427368      0.1727      6.6686E-07  6.6686E-07
  -2.05536652     -4.5255E-02  5.0942E-07  5.0942E-07
  -2.13645935       1.185      3.8820E-07  3.8820E-07
  -2.21755219      0.7436      2.9511E-07  2.9511E-07
  -2.29864502     -0.4200      2.2380E-07  2.2380E-07
  -2.37973785     -6.8006E-02   0.000       0.000    
  -2.46083069     -0.1188       0.000       0.000    
  -2.54192352      0.2223       0.000       0.000    
  -2.62301636     -8.1501E-02   0.000       0.000    
  -2.70410919      0.1807       0.000       0.000    
