   44.8861122      1.7709E-02   0.000       0.000    
   42.1193275      3.0270E-02   0.000       0.000    
   39.3525429      7.9950E-02   0.000       0.000    
   36.5857582      9.1972E-02   0.000       0.000    
   33.8189735      0.1228       0.000       0.000    
   31.0521889      1.0787E-02   0.000       0.000    
   28.2854042     -3.5142E-02  8.9176E-08  8.9176E-08
   25.5186195      1.0859E-02  2.7079E-06  2.7079E-06
   22.7518349      0.1417      5.3355E-05  5.3355E-05
   19.9850502     -0.2918      6.8213E-04  6.8213E-04
   17.2182655      4.6415E-03  5.6586E-03  5.6586E-03
   14.4514809      0.1100      3.0458E-02  3.0458E-02
   11.6846962      9.7764E-02  0.1064      0.1064    
   8.91791153      0.2824      0.2411      0.2411    
   6.15112686      0.2425      0.3545      0.3545    
   3.38434219      0.4508      0.3382      0.3382    
  0.617557526      0.1817      0.2094      0.2094    
  -2.14922714      4.1359E-02  8.4106E-02  8.4106E-02
  -4.91601181      1.7482E-02  2.1922E-02  2.1922E-02
  -7.68279648     -5.2797E-02  3.7075E-03  3.7075E-03
  -10.4495811      5.3526E-02  4.0685E-04  4.0685E-04
  -13.2163658      9.8021E-02  2.8969E-05  2.8969E-05
  -15.9831505      0.1240      1.3384E-06  1.3384E-06
  -18.7499352      7.9975E-02   0.000       0.000    
  -21.5167198      3.8552E-02   0.000       0.000    
  -24.2835045     -2.1942E-03   0.000       0.000    
  -27.0502892      0.1059       0.000       0.000    
  -29.8170738      5.2902E-02   0.000       0.000    
  -32.5838585     -0.1955       0.000       0.000    
  -35.3506432     -0.1275       0.000       0.000    
