   16.3232517      0.6951       0.000       0.000    
   16.2421513      0.4640       0.000       0.000    
   16.1610508      0.2122       0.000       0.000    
   16.0799503      0.3033       0.000       0.000    
   15.9988499      0.2158       0.000       0.000    
   15.9177494      0.1542       0.000       0.000    
   15.8366489     -0.6703       0.000       0.000    
   15.7555485      0.3833       0.000       0.000    
   15.6744480     -0.7877       0.000       0.000    
   15.5933475     -0.4683       0.000       0.000    
   15.5122471     -0.2325       0.000       0.000    
   15.4311466     -0.7275       0.000       0.000    
   15.3500462     -0.2045       0.000       0.000    
   15.2689457      2.8520E-02   0.000       0.000    
   15.1878452     -0.4067       0.000       0.000    
   15.1067448     -4.2103E-02   0.000       0.000    
   15.0256443     -0.3197       0.000       0.000    
   14.9445438      0.1112       0.000       0.000    
   14.8634434     -0.4351       0.000       0.000    
   14.7823429     -0.5476       0.000       0.000    
   14.7012424     -0.1852       0.000       0.000    
   14.6201420     -0.6440       0.000       0.000    
   14.5390415     -0.1463       0.000       0.000    
   14.4579411     -0.4955       0.000       0.000    
   14.3768406     -0.4175       0.000       0.000    
   14.2957401     -0.5396       0.000       0.000    
   14.2146397      -1.016       0.000       0.000    
   14.1335392     -0.5885       0.000       0.000    
   14.0524387     -4.6552E-02   0.000       0.000    
   13.9713383     -0.7328       0.000       0.000    
   13.8902378      4.1922E-02   0.000       0.000    
   13.8091373      0.2874       0.000       0.000    
   13.7280369     -0.6444       0.000       0.000    
   13.6469364      0.1145       0.000       0.000    
   13.5658360      0.2607       0.000       0.000    
   13.4847355     -0.2021       0.000       0.000    
   13.4036350      0.1084       0.000       0.000    
   13.3225346      0.3351       0.000       0.000    
   13.2414341      0.3830       0.000       0.000    
   13.1603336      0.2337       0.000       0.000    
   13.0792332     -0.9580       0.000       0.000    
   12.9981327     -0.7239       0.000       0.000    
   12.9170322     -0.7251       0.000       0.000    
   12.8359318      0.1765       0.000       0.000    
   12.7548313      0.3058       0.000       0.000    
   12.6737309      0.2976       0.000       0.000    
   12.5926304     -0.6850       0.000       0.000    
   12.5115299     -0.4895       0.000       0.000    
   12.4304295     -2.6524E-02   0.000       0.000    
   12.3493290      0.4871       0.000       0.000    
   12.2682285     -5.4589E-02   0.000       0.000    
   12.1871281       1.314       0.000       0.000    
   12.1060276      0.9886       0.000       0.000    
   12.0249271      0.3973       0.000       0.000    
   11.9438267      1.2011E-02   0.000       0.000    
   11.8627262     -6.0565E-03   0.000       0.000    
   11.7816257       1.367       0.000       0.000    
   11.7005253      0.9224       0.000       0.000    
   11.6194248      0.8054       0.000       0.000    
   11.5383244     -0.2157       0.000       0.000    
   11.4572239      0.1769       0.000       0.000    
   11.3761234      0.7864       0.000       0.000    
   11.2950230      0.9384       0.000       0.000    
   11.2139225       1.422       0.000       0.000    
   11.1328220      8.0729E-02   0.000       0.000    
   11.0517216      0.3290       0.000       0.000    
   10.9706211      0.4814       0.000       0.000    
   10.8895206      0.6887       0.000       0.000    
   10.8084202      0.9929       0.000       0.000    
   10.7273197      0.7972       0.000       0.000    
   10.6462193      3.1858E-02   0.000       0.000    
   10.5651188     -0.3810       0.000       0.000    
   10.4840183     -3.1715E-02   0.000       0.000    
   10.4029179     -0.1996       0.000       0.000    
   10.3218174     -0.3665       0.000       0.000    
   10.2407169      0.5921       0.000       0.000    
   10.1596165      6.8452E-02   0.000       0.000    
   10.0785160      8.6331E-02   0.000       0.000    
   9.99741554      0.4175       0.000       0.000    
   9.91631508     -9.9042E-02   0.000       0.000    
   9.83521461      0.3749       0.000       0.000    
   9.75411415      0.5768      9.0469E-07  9.0469E-07
   9.67301369      0.1312      2.0245E-06  2.0245E-06
   9.59191322      0.7784      4.4322E-06  4.4322E-06
   9.51081276      0.3725      9.4932E-06  9.4932E-06
   9.42971230      0.2448      1.9892E-05  1.9892E-05
   9.34861183     -0.2687      4.0780E-05  4.0780E-05
   9.26751137      0.2462      8.1789E-05  8.1789E-05
   9.18641090      0.4439      1.6048E-04  1.6048E-04
   9.10531044      0.5030      3.0807E-04  3.0807E-04
   9.02420998     -0.2056      5.7858E-04  5.7858E-04
   8.94310951     -0.1258      1.0631E-03  1.0631E-03
   8.86200905      7.7367E-02  1.9109E-03  1.9109E-03
   8.78090858      4.7921E-02  3.3605E-03  3.3605E-03
   8.69980812      0.4623      5.7817E-03  5.7817E-03
   8.61870766      0.4180      9.7318E-03  9.7318E-03
   8.53760719      0.7738      1.6026E-02  1.6026E-02
   8.45650673      0.7919      2.5818E-02  2.5818E-02
   8.37540627      0.7712      4.0694E-02  4.0694E-02
   8.29430580      0.9317      6.2750E-02  6.2750E-02
   8.21320534      0.5502      9.4664E-02  9.4664E-02
   8.13210487      1.9920E-02  0.1397      0.1397    
   8.05100441      0.4304      0.2017      0.2017    
   7.96990395     -0.5049      0.2850      0.2850    
   7.88880348      0.3572      0.3938      0.3938    
   7.80770302      0.6018      0.5325      0.5325    
   7.72660255      0.6060      0.7044      0.7044    
   7.64550209       1.275      0.9116      0.9116    
   7.56440163       1.471       1.154       1.154    
   7.48330116       1.257       1.430       1.430    
   7.40220070       2.251       1.732       1.732    
   7.32110023       1.734       2.054       2.054    
   7.23999977       2.214       2.382       2.382    
   7.15889931       2.881       2.703       2.703    
   7.07779884       2.831       3.001       3.001    
   6.99669838       2.850       3.259       3.259    
   6.91559792       3.071       3.463       3.463    
   6.83449745       3.375       3.600       3.600    
   6.75339699       4.056       3.661       3.661    
   6.67229652       3.982       3.643       3.643    
   6.59119606       3.616       3.546       3.546    
   6.51009560       3.439       3.377       3.377    
   6.42899513       3.143       3.146       3.146    
   6.34789467       3.077       2.868       2.868    
   6.26679420       2.654       2.557       2.557    
   6.18569374       2.775       2.231       2.231    
   6.10459328       1.811       1.904       1.904    
   6.02349281       1.245       1.590       1.590    
   5.94239235      0.7403       1.299       1.299    
   5.86129189       1.079       1.038       1.038    
   5.78019142      0.4018      0.8118      0.8118    
   5.69909096      0.2248      0.6210      0.6210    
   5.61799049     -0.1047      0.4648      0.4648    
   5.53689003      0.5277      0.3403      0.3403    
   5.45578957      0.9577      0.2438      0.2438    
   5.37468910      0.3056      0.1708      0.1708    
   5.29358864      0.8678      0.1171      0.1171    
   5.21248817      0.2603      7.8559E-02  7.8559E-02
   5.13138771      0.7315      5.1552E-02  5.1552E-02
   5.05028725     -0.1438      3.3097E-02  3.3097E-02
   4.96918678      0.1078      2.0788E-02  2.0788E-02
   4.88808632     -0.5504      1.2774E-02  1.2774E-02
   4.80698586      9.7865E-02  7.6792E-03  7.6792E-03
   4.72588539      0.6501      4.5165E-03  4.5165E-03
   4.64478493      0.6432      2.5988E-03  2.5988E-03
   4.56368446     -0.4141      1.4629E-03  1.4629E-03
   4.48258400     -0.6142      8.0569E-04  8.0569E-04
   4.40148354     -0.5667      4.3411E-04  4.3411E-04
   4.32038307      0.4831      2.2883E-04  2.2883E-04
   4.23928261       1.621      1.1801E-04  1.1801E-04
   4.15818214      0.8966      5.9539E-05  5.9539E-05
   4.07708168     -0.1593      2.9388E-05  2.9388E-05
   3.99598122      0.6577      1.4192E-05  1.4192E-05
   3.91488075      0.1207      6.7047E-06  6.7047E-06
   3.83378029      0.5159      3.0989E-06  3.0989E-06
   3.75267982      0.5669      1.4013E-06  1.4013E-06
   3.67157936     -0.4072      6.1993E-07  6.1993E-07
   3.59047890      0.2770       0.000       0.000    
   3.50937843      0.5451       0.000       0.000    
   3.42827797      0.3336       0.000       0.000    
   3.34717751      0.8175       0.000       0.000    
   3.26607704      0.3407       0.000       0.000    
   3.18497658     -0.1285       0.000       0.000    
   3.10387611      0.1489       0.000       0.000    
   3.02277565      0.4005       0.000       0.000    
   2.94167519      0.3867       0.000       0.000    
   2.86057472      1.4359E-02   0.000       0.000    
   2.77947426     -0.1820       0.000       0.000    
   2.69837379     -0.1094       0.000       0.000    
   2.61727333     -0.2576       0.000       0.000    
   2.53617287     -0.8802       0.000       0.000    
   2.45507240     -0.2815       0.000       0.000    
   2.37397194      0.3516       0.000       0.000    
   2.29287148      0.2136       0.000       0.000    
   2.21177101      0.1065       0.000       0.000    
   2.13067055      0.3422       0.000       0.000    
   2.04957008      0.3012       0.000       0.000    
   1.96846962     -0.1545       0.000       0.000    
   1.88736916      0.6339       0.000       0.000    
   1.80626869     -4.4373E-02   0.000       0.000    
   1.72516823     -0.5491       0.000       0.000    
   1.64406776      0.5010       0.000       0.000    
   1.56296730      0.5151       0.000       0.000    
   1.48186684      0.4801       0.000       0.000    
   1.40076637      0.2571       0.000       0.000    
   1.31966591      0.1681       0.000       0.000    
   1.23856544      0.2970       0.000       0.000    
   1.15746498      0.3736       0.000       0.000    
   1.07636452      0.6839       0.000       0.000    
  0.995264053     -0.1442       0.000       0.000    
  0.914163589      0.5089       0.000       0.000    
  0.833063126      0.2000       0.000       0.000    
  0.751962662     -8.8684E-02   0.000       0.000    
  0.670862198      0.2122       0.000       0.000    
  0.589761734      0.3206       0.000       0.000    
  0.508661270     -0.2461       0.000       0.000    
  0.427560806     -0.7282       0.000       0.000    
  0.346460342      0.3361       0.000       0.000    
  0.265359879     -0.1398       0.000       0.000    
  0.184259415     -0.1404       0.000       0.000    
  0.103158951     -0.6490       0.000       0.000    
  2.205848694E-02  1.0982E-02   0.000       0.000    
 -5.904197693E-02 -4.9676E-02   0.000       0.000    
 -0.140142441      6.1870E-03   0.000       0.000    
 -0.221242905     -0.1368       0.000       0.000    
 -0.302343369     -0.5370       0.000       0.000    
 -0.383443832     -0.2214       0.000       0.000    
 -0.464544296      7.9500E-02   0.000       0.000    
 -0.545644760      0.1449       0.000       0.000    
 -0.626745224     -0.6064       0.000       0.000    
 -0.707845688     -0.9934       0.000       0.000    
 -0.788946152      0.5357       0.000       0.000    
 -0.870046616      0.9830       0.000       0.000    
 -0.951147079     -0.1405       0.000       0.000    
  -1.03224754      0.1988       0.000       0.000    
  -1.11334801      0.8876       0.000       0.000    
  -1.19444847      0.7456       0.000       0.000    
  -1.27554893      0.9672       0.000       0.000    
  -1.35664940      0.6733       0.000       0.000    
  -1.43774986      0.7781       0.000       0.000    
  -1.51885033      0.5756       0.000       0.000    
  -1.59995079      0.1084       0.000       0.000    
  -1.68105125      0.6527       0.000       0.000    
  -1.76215172     -5.9545E-02   0.000       0.000    
  -1.84325218     -0.3933       0.000       0.000    
  -1.92435265     -0.3266       0.000       0.000    
  -2.00545311     -0.4093       0.000       0.000    
  -2.08655357     -0.1299       0.000       0.000    
  -2.16765404      0.6132       0.000       0.000    
  -2.24875450       1.130       0.000       0.000    
  -2.32985497      0.7793       0.000       0.000    
  -2.41095543      0.8798       0.000       0.000    
  -2.49205589      0.2427       0.000       0.000    
  -2.57315636      0.5363       0.000       0.000    
  -2.65425682       1.213       0.000       0.000    
  -2.73535728      0.4052       0.000       0.000    
  -2.81645775     -6.9037E-02   0.000       0.000    
  -2.89755821      4.4837E-02   0.000       0.000    
  -2.97865868     -0.4081       0.000       0.000    
  -3.05975914     -0.3858       0.000       0.000    
  -3.14085960     -0.2414       0.000       0.000    
  -3.22196007     -0.4754       0.000       0.000    
  -3.30306053      -1.352       0.000       0.000    
  -3.38416100     -0.7390       0.000       0.000    
  -3.46526146     -0.4914       0.000       0.000    
  -3.54636192      0.5966       0.000       0.000    
  -3.62746239      0.6168       0.000       0.000    
  -3.70856285      0.1985       0.000       0.000    
