   17.1305380     -0.2719       0.000       0.000       0.000    
   17.0449343     -9.0375E-02   0.000       0.000       0.000    
   16.9593306     -0.3239       0.000       0.000       0.000    
   16.8737268      0.1073       0.000       0.000       0.000    
   16.7881231     -0.2792       0.000       0.000       0.000    
   16.7025194      0.3831       0.000       0.000       0.000    
   16.6169157     -0.3717       0.000       0.000       0.000    
   16.5313120     -0.8454       0.000       0.000       0.000    
   16.4457083     -0.2319       0.000       0.000       0.000    
   16.3601046     -0.2999       0.000       0.000       0.000    
   16.2745008      0.8267       0.000       0.000       0.000    
   16.1888971      0.1845       0.000       0.000       0.000    
   16.1032934     -3.2041E-02   0.000       0.000       0.000    
   16.0176897      0.8647       0.000       0.000       0.000    
   15.9320860      4.4790E-02   0.000       0.000       0.000    
   15.8464823     -0.2384       0.000       0.000       0.000    
   15.7608786     -0.4028       0.000       0.000       0.000    
   15.6752748      0.3556       0.000       0.000       0.000    
   15.5896711     -0.2550       0.000       0.000       0.000    
   15.5040674     -6.6685E-02   0.000       0.000       0.000    
   15.4184637     -0.1553       0.000       0.000       0.000    
   15.3328600     -0.7229       0.000       0.000       0.000    
   15.2472563      0.2228       0.000       0.000       0.000    
   15.1616526      0.5692       0.000       0.000       0.000    
   15.0760489      0.2099       0.000       0.000       0.000    
   14.9904451      0.1908       0.000       0.000       0.000    
   14.9048414     -0.6242       0.000       0.000       0.000    
   14.8192377     -7.4024E-02   0.000       0.000       0.000    
   14.7336340      0.1696       0.000       0.000       0.000    
   14.6480303      2.0723E-02   0.000       0.000       0.000    
   14.5624266      -1.165       0.000       0.000       0.000    
   14.4768229     -0.4877       0.000       0.000       0.000    
   14.3912191     -0.1014       0.000       0.000       0.000    
   14.3056154     -0.4889       0.000       0.000       0.000    
   14.2200117     -0.4332       0.000       0.000       0.000    
   14.1344080     -0.2811       0.000       0.000       0.000    
   14.0488043      4.4546E-02   0.000       0.000       0.000    
   13.9632006      0.3389       0.000       0.000       0.000    
   13.8775969      0.6135       0.000       0.000       0.000    
   13.7919931      0.6784       0.000       0.000       0.000    
   13.7063894      0.2355       0.000       0.000       0.000    
   13.6207857      0.7532       0.000       0.000       0.000    
   13.5351820       1.151       0.000       0.000       0.000    
   13.4495783      0.2827       0.000       0.000       0.000    
   13.3639746      0.5907       0.000       0.000       0.000    
   13.2783709      0.6216       0.000       0.000       0.000    
   13.1927671     -0.1000       0.000       0.000       0.000    
   13.1071634     -0.4666      7.1868E-07  7.1868E-07   0.000    
   13.0215597     -0.2831      1.1506E-06  1.1506E-06   0.000    
   12.9359560     -0.1468      1.8287E-06  1.8287E-06   0.000    
   12.8503523     -8.5654E-02  2.8857E-06  2.8857E-06   0.000    
   12.7647486      0.2475      4.5207E-06  4.5207E-06   0.000    
   12.6791449     -0.1646      7.0313E-06  7.0313E-06   0.000    
   12.5935411      0.1184      1.0857E-05  1.0857E-05   0.000    
   12.5079374      0.2851      1.6645E-05  1.6645E-05   0.000    
   12.4223337      0.3334      2.5333E-05  2.5333E-05   0.000    
   12.3367300      0.5021      3.8280E-05  3.8280E-05   0.000    
   12.2511263      0.4732      5.7427E-05  5.7427E-05   0.000    
   12.1655226      0.4875      8.5530E-05  8.5530E-05   0.000    
   12.0799189      0.2116      1.2647E-04  1.2647E-04   0.000    
   11.9943151     -0.2649      1.8566E-04  1.8566E-04   0.000    
   11.9087114     -0.3525      2.7059E-04  2.7059E-04   0.000    
   11.8231077     -3.2874E-02  3.9154E-04  3.9154E-04   0.000    
   11.7375040     -0.1920      5.6247E-04  5.6247E-04   0.000    
   11.6519003      0.2613      8.0220E-04  8.0220E-04   0.000    
   11.5662966      0.3843      1.1359E-03  1.1359E-03   0.000    
   11.4806929      9.9954E-02  1.5968E-03  1.5968E-03   0.000    
   11.3950891      0.1893      2.2285E-03  2.2285E-03   0.000    
   11.3094854      0.1549      3.0878E-03  3.0878E-03   0.000    
   11.2238817     -0.2042      4.2477E-03  4.2477E-03   0.000    
   11.1382780      0.2259      5.8012E-03  5.8012E-03   0.000    
   11.0526743     -0.6647      7.8659E-03  7.8659E-03   0.000    
   10.9670706     -4.1732E-02  1.0589E-02  1.0589E-02   0.000    
   10.8814669     -0.1688      1.4151E-02  1.4151E-02   0.000    
   10.7958632      0.2331      1.8776E-02  1.8776E-02   0.000    
   10.7102594     -8.4575E-02  2.4734E-02  2.4734E-02   0.000    
   10.6246557     -0.3618      3.2347E-02  3.2347E-02   0.000    
   10.5390520      0.2803      4.1999E-02  4.1999E-02   0.000    
   10.4534483      0.4701      5.4140E-02  5.4140E-02   0.000    
   10.3678446     -5.2098E-02  6.9286E-02  6.9286E-02   0.000    
   10.2822409     -2.0103E-02  8.8033E-02  8.8033E-02   0.000    
   10.1966372      0.7706      0.1110      0.1110       0.000    
   10.1110334      0.3195      0.1391      0.1391       0.000    
   10.0254297      0.4272      0.1729      0.1729       0.000    
   9.93982601     -3.6656E-02  0.2134      0.2134       0.000    
   9.85422230      0.6741      0.2616      0.2616       0.000    
   9.76861858      0.1356      0.3182      0.3182       0.000    
   9.68301487      0.6463      0.3844      0.3844       0.000    
   9.59741116      0.5137      0.4610      0.4610       0.000    
   9.51180744     -4.5493E-02  0.5489      0.5489      4.5128E-06
   9.42620373      0.1163      0.6488      0.6488      1.1754E-05
   9.34060001       1.358      0.7614      0.7614      2.9671E-05
   9.25499630       1.566      0.8871      0.8870      7.2591E-05
   9.16939259      0.7693       1.026       1.026      1.7212E-04
   9.08378887      0.9568       1.179       1.178      3.9554E-04
   8.99818516       1.399       1.344       1.343      8.8094E-04
   8.91258144      0.7793       1.522       1.521      1.9016E-03
   8.82697773       1.383       1.713       1.709      3.9781E-03
   8.74137402       2.255       1.914       1.906      8.0657E-03
   8.65577030       1.442       2.127       2.112      1.5850E-02
   8.57016659       2.254       2.352       2.322      3.0185E-02
   8.48456287       2.214       2.591       2.535      5.5716E-02
   8.39895916       2.756       2.847       2.748      9.9669E-02
   8.31335545       3.356       3.130       2.957      0.1728    
   8.22775173       3.672       3.449       3.159      0.2904    
   8.14214802       4.181       3.823       3.351      0.4729    
   8.05654430       4.448       4.275       3.528      0.7463    
   7.97094059       5.072       4.830       3.689       1.142    
   7.88533688       5.824       5.521       3.829       1.693    
   7.79973316       6.980       6.377       3.945       2.432    
   7.71412945       8.407       7.423       4.036       3.387    
   7.62852573       8.548       8.670       4.099       4.571    
   7.54292202       9.927       10.11       4.134       5.979    
   7.45731831       10.79       11.72       4.138       7.579    
   7.37171459       12.70       13.43       4.113       9.312    
   7.28611088       14.94       15.15       4.059       11.09    
   7.20050716       16.25       16.77       3.976       12.80    
   7.11490345       18.38       18.18       3.867       14.31    
   7.02929974       19.25       19.25       3.734       15.52    
   6.94369602       20.64       19.88       3.580       16.30    
   6.85809231       20.13       20.01       3.407       16.60    
   6.77248859       19.21       19.60       3.219       16.38    
   6.68688488       18.88       18.69       3.020       15.67    
   6.60128117       17.62       17.34       2.813       14.52    
   6.51567745       16.00       15.65       2.601       13.05    
   6.43007374       13.62       13.75       2.388       11.36    
   6.34447002       11.05       11.76       2.176       9.587    
   6.25886631       9.272       9.810       1.969       7.841    
   6.17326260       7.170       7.984       1.769       6.215    
   6.08765888       6.104       6.352       1.577       4.774    
   6.00205517       5.066       4.951       1.397       3.555    
   5.91645145       4.137       3.793       1.228       2.565    
   5.83084774       3.391       2.865       1.072       1.794    
   5.74524403       2.898       2.144      0.9285       1.216    
   5.65964031       1.954       1.597      0.7987      0.7987    
   5.57403660       1.355       1.191      0.6821      0.5085    
   5.48843288       1.414      0.8921      0.5784      0.3138    
   5.40282917      0.4778      0.6745      0.4869      0.1876    
   5.31722546      0.7857      0.5156      0.4069      0.1087    
   5.23162174      0.6313      0.3987      0.3376      6.1085E-02
   5.14601803      0.7391      0.3113      0.2781      3.3255E-02
   5.06041431      0.5435      0.2450      0.2274      1.7546E-02
   4.97481060      0.3496      0.1936      0.1847      8.9725E-03
   4.88920689     -0.2763      0.1533      0.1488      4.4468E-03
   4.80360317     -0.5303      0.1213      0.1191      2.1359E-03
   4.71799946      7.2889E-02  9.5639E-02  9.4644E-02  9.9431E-04
   4.63239574      0.6663      7.5105E-02  7.4656E-02  4.4861E-04
   4.54679203     -0.1558      5.8662E-02  5.8465E-02  1.9616E-04
   4.46118832     -0.3554      4.5540E-02  4.5457E-02  8.3131E-05
   4.37558460      0.3582      3.5122E-02  3.5088E-02  3.4144E-05
   4.28998089     -0.1894      2.6903E-02  2.6889E-02  1.3592E-05
   4.20437717      0.1469      2.0463E-02  2.0458E-02  5.2437E-06
   4.11877346      0.1739      1.5455E-02  1.5453E-02  1.9607E-06
   4.03316975      0.2067      1.1589E-02  1.1589E-02   0.000    
   3.94756603      0.6498      8.6280E-03  8.6280E-03   0.000    
   3.86196232     -0.4853      6.3774E-03  6.3774E-03   0.000    
   3.77635860      6.1180E-02  4.6800E-03  4.6800E-03   0.000    
   3.69075489     -0.2951      3.4097E-03  3.4097E-03   0.000    
   3.60515118      0.4149      2.4663E-03  2.4663E-03   0.000    
   3.51954746      0.1618      1.7711E-03  1.7711E-03   0.000    
   3.43394375     -0.2510      1.2627E-03  1.2627E-03   0.000    
   3.34834003      0.3180      8.9375E-04  8.9375E-04   0.000    
   3.26273632     -6.0638E-02  6.2805E-04  6.2805E-04   0.000    
   3.17713261     -0.3049      4.3817E-04  4.3817E-04   0.000    
   3.09152889      4.4172E-02  3.0349E-04  3.0349E-04   0.000    
   3.00592518     -0.4818      2.0870E-04  2.0870E-04   0.000    
   2.92032146      0.3327      1.4248E-04  1.4248E-04   0.000    
   2.83471775      0.3455      9.6573E-05  9.6573E-05   0.000    
   2.74911404      0.4272      6.4986E-05  6.4986E-05   0.000    
   2.66351032      0.1520      4.3415E-05  4.3415E-05   0.000    
   2.57790661      7.9110E-02  2.8796E-05  2.8796E-05   0.000    
   2.49230289     -0.1434      1.8962E-05  1.8962E-05   0.000    
   2.40669918     -0.5228      1.2396E-05  1.2396E-05   0.000    
   2.32109547     -0.6566      8.0459E-06  8.0459E-06   0.000    
   2.23549175      0.3171      5.1846E-06  5.1846E-06   0.000    
   2.14988804      0.1656      3.3168E-06  3.3168E-06   0.000    
   2.06428432     -0.4862      2.1066E-06  2.1066E-06   0.000    
   1.97868061      0.6444      1.3284E-06  1.3284E-06   0.000    
   1.89307690      5.1088E-02  8.3160E-07  8.3160E-07   0.000    
   1.80747318     -0.9318      5.1686E-07  5.1686E-07   0.000    
   1.72186947      2.0465E-02   0.000       0.000       0.000    
   1.63626575     -0.4472       0.000       0.000       0.000    
   1.55066204      0.4840       0.000       0.000       0.000    
   1.46505833      0.8056       0.000       0.000       0.000    
   1.37945461     -0.6032       0.000       0.000       0.000    
   1.29385090      0.2814       0.000       0.000       0.000    
   1.20824718     -0.2126       0.000       0.000       0.000    
   1.12264347     -0.6069       0.000       0.000       0.000    
   1.03703976      0.3567       0.000       0.000       0.000    
  0.951436043     -8.6046E-02   0.000       0.000       0.000    
  0.865832329      5.4129E-02   0.000       0.000       0.000    
  0.780228615      0.3816       0.000       0.000       0.000    
  0.694624901     -0.1990       0.000       0.000       0.000    
  0.609021187      0.2105       0.000       0.000       0.000    
  0.523417473      0.4063       0.000       0.000       0.000    
  0.437813759     -0.2519       0.000       0.000       0.000    
  0.352210045      0.4166       0.000       0.000       0.000    
  0.266606331      0.1257       0.000       0.000       0.000    
  0.181002617      0.2912       0.000       0.000       0.000    
  9.539890289E-02  0.5319       0.000       0.000       0.000    
  9.795188904E-03  0.4160       0.000       0.000       0.000    
 -7.580852509E-02  0.4164       0.000       0.000       0.000    
 -0.161412239     -0.1120       0.000       0.000       0.000    
 -0.247015953     -0.3463       0.000       0.000       0.000    
 -0.332619667      6.6047E-02   0.000       0.000       0.000    
 -0.418223381      0.1304       0.000       0.000       0.000    
 -0.503827095     -5.7256E-02   0.000       0.000       0.000    
 -0.589430809      0.1204       0.000       0.000       0.000    
 -0.675034523     -0.2221       0.000       0.000       0.000    
 -0.760638237     -4.0595E-02   0.000       0.000       0.000    
 -0.846241951       1.051       0.000       0.000       0.000    
 -0.931845665     -9.7590E-02   0.000       0.000       0.000    
  -1.01744938     -5.5044E-02   0.000       0.000       0.000    
  -1.10305309      0.2212       0.000       0.000       0.000    
  -1.18865681     -0.5301       0.000       0.000       0.000    
  -1.27426052     -0.2826       0.000       0.000       0.000    
  -1.35986423     -0.2090       0.000       0.000       0.000    
  -1.44546795      0.3926       0.000       0.000       0.000    
  -1.53107166      0.7553       0.000       0.000       0.000    
  -1.61667538     -0.4646       0.000       0.000       0.000    
  -1.70227909     -0.5979       0.000       0.000       0.000    
  -1.78788280      0.4086       0.000       0.000       0.000    
  -1.87348652     -0.2510       0.000       0.000       0.000    
  -1.95909023      0.4280       0.000       0.000       0.000    
  -2.04469395      0.3515       0.000       0.000       0.000    
  -2.13029766      0.5464       0.000       0.000       0.000    
  -2.21590137     -0.8133       0.000       0.000       0.000    
  -2.30150509     -4.6213E-02   0.000       0.000       0.000    
  -2.38710880      0.2973       0.000       0.000       0.000    
  -2.47271252     -0.2511       0.000       0.000       0.000    
  -2.55831623     -4.4439E-02   0.000       0.000       0.000    
  -2.64391994     -0.2601       0.000       0.000       0.000    
  -2.72952366     -0.4217       0.000       0.000       0.000    
  -2.81512737      0.5883       0.000       0.000       0.000    
  -2.90073109      2.0397E-02   0.000       0.000       0.000    
