   16.0933056     -0.6130       0.000       0.000    
   16.0077019     -0.1238       0.000       0.000    
   15.9220982      0.8438       0.000       0.000    
   15.8364944      0.6493       0.000       0.000    
   15.7508907     -0.2062       0.000       0.000    
   15.6652870     -0.4584       0.000       0.000    
   15.5796833     -0.4942       0.000       0.000    
   15.4940796      0.3116       0.000       0.000    
   15.4084759      0.2683       0.000       0.000    
   15.3228722      0.2941       0.000       0.000    
   15.2372684      0.5455       0.000       0.000    
   15.1516647      0.2052       0.000       0.000    
   15.0660610     -0.1590       0.000       0.000    
   14.9804573     -5.0674E-02   0.000       0.000    
   14.8948536     -0.4728       0.000       0.000    
   14.8092499     -0.3252       0.000       0.000    
   14.7236462     -0.1062       0.000       0.000    
   14.6380424      0.1462       0.000       0.000    
   14.5524387      0.1274       0.000       0.000    
   14.4668350     -0.6167       0.000       0.000    
   14.3812313     -0.4620       0.000       0.000    
   14.2956276      0.7331       0.000       0.000    
   14.2100239      0.8291       0.000       0.000    
   14.1244202      0.6429       0.000       0.000    
   14.0388165      0.1086       0.000       0.000    
   13.9532127      0.5771       0.000       0.000    
   13.8676090      0.6613       0.000       0.000    
   13.7820053     -0.1389       0.000       0.000    
   13.6964016     -4.9818E-03   0.000       0.000    
   13.6107979      0.3152       0.000       0.000    
   13.5251942      0.5316       0.000       0.000    
   13.4395905     -3.5262E-02   0.000       0.000    
   13.3539867     -0.5962       0.000       0.000    
   13.2683830     -0.3290       0.000       0.000    
   13.1827793      0.2697       0.000       0.000    
   13.0971756      0.1733       0.000       0.000    
   13.0115719     -0.2112       0.000       0.000    
   12.9259682     -0.2934       0.000       0.000    
   12.8403645      7.0210E-02   0.000       0.000    
   12.7547607     -0.3029       0.000       0.000    
   12.6691570     -6.5524E-02   0.000       0.000    
   12.5835533      2.6464E-02   0.000       0.000    
   12.4979496      0.2685       0.000       0.000    
   12.4123459      0.3236       0.000       0.000    
   12.3267422      0.3464       0.000       0.000    
   12.2411385      0.4330      1.6993E-06  1.6993E-06
   12.1555347     -0.1081      2.5981E-06  2.5981E-06
   12.0699310     -0.3853      3.9492E-06  3.9492E-06
   11.9843273      0.6204      5.9676E-06  5.9676E-06
   11.8987236      0.6719      8.9651E-06  8.9651E-06
   11.8131199     -1.8491E-02  1.3390E-05  1.3390E-05
   11.7275162      0.4489      1.9881E-05  1.9881E-05
   11.6419125      0.1478      2.9347E-05  2.9347E-05
   11.5563087      0.1495      4.3066E-05  4.3066E-05
   11.4707050      0.8172      6.2831E-05  6.2831E-05
   11.3851013      0.9251      9.1131E-05  9.1131E-05
   11.2994976      0.2853      1.3141E-04  1.3141E-04
   11.2138939      3.6142E-02  1.8837E-04  1.8837E-04
   11.1282902      0.2369      2.6846E-04  2.6846E-04
   11.0426865     -0.2487      3.8037E-04  3.8037E-04
   10.9570827     -2.1993E-02  5.3577E-04  5.3577E-04
   10.8714790      0.2608      7.5027E-04  7.5027E-04
   10.7858753      0.2006      1.0445E-03  1.0445E-03
   10.7002716      0.5519      1.4456E-03  1.4456E-03
   10.6146679      0.7841      1.9891E-03  1.9891E-03
   10.5290642      0.5902      2.7209E-03  2.7209E-03
   10.4434605      0.1533      3.7002E-03  3.7002E-03
   10.3578568      0.2263      5.0027E-03  5.0027E-03
   10.2722530      0.1482      6.7240E-03  6.7240E-03
   10.1866493      0.2722      8.9850E-03  8.9850E-03
   10.1010456      7.5777E-02  1.1936E-02  1.1936E-02
   10.0154419      0.3257      1.5764E-02  1.5764E-02
   9.92983818      5.0018E-02  2.0697E-02  2.0697E-02
   9.84423447     -2.6725E-02  2.7016E-02  2.7016E-02
   9.75863075      0.1633      3.5058E-02  3.5058E-02
   9.67302704     -0.4095      4.5229E-02  4.5229E-02
   9.58742332     -0.1075      5.8010E-02  5.8010E-02
   9.50181961      0.4922      7.3967E-02  7.3967E-02
   9.41621590     -7.5875E-02  9.3764E-02  9.3764E-02
   9.33061218     -0.2271      0.1182      0.1182    
   9.24500847     -0.1992      0.1480      0.1480    
   9.15940475     -7.5708E-02  0.1844      0.1844    
   9.07380104       1.055      0.2283      0.2283    
   8.98819733      0.9439      0.2811      0.2811    
   8.90259361     -2.7462E-02  0.3440      0.3440    
   8.81698990     -0.1133      0.4186      0.4186    
   8.73138618      0.6782      0.5063      0.5063    
   8.64578247      0.6957      0.6089      0.6089    
   8.56017876      0.2594      0.7279      0.7279    
   8.47457504      0.8920      0.8652      0.8652    
   8.38897133       1.248       1.022       1.022    
   8.30336761       1.137       1.201       1.201    
   8.21776390       1.941       1.403       1.403    
   8.13216019       1.990       1.628       1.628    
   8.04655647       1.514       1.880       1.880    
   7.96095276       1.437       2.157       2.157    
   7.87534904       1.326       2.461       2.461    
   7.78974533       2.752       2.791       2.791    
   7.70414162       3.378       3.146       3.146    
   7.61853790       3.175       3.527       3.527    
   7.53293419       4.115       3.930       3.930    
   7.44733047       4.286       4.355       4.355    
   7.36172676       4.744       4.796       4.796    
   7.27612305       5.540       5.252       5.252    
   7.19051933       5.310       5.717       5.717    
   7.10491562       5.791       6.187       6.187    
   7.01931190       7.290       6.657       6.657    
   6.93370819       7.378       7.121       7.121    
   6.84810448       7.674       7.572       7.572    
   6.76250076       8.784       8.005       8.005    
   6.67689705       8.769       8.413       8.413    
   6.59129333       8.971       8.791       8.791    
   6.50568962       9.291       9.132       9.132    
   6.42008591       9.809       9.430       9.430    
   6.33448219       10.16       9.682       9.682    
   6.24887848       10.14       9.882       9.882    
   6.16327477       9.930       10.03       10.03    
   6.07767105       9.342       10.12       10.12    
   5.99206734       8.761       10.14       10.14    
   5.90646362       9.217       10.11       10.11    
   5.82085991       9.449       10.03       10.03    
   5.73525620       9.287       9.880       9.880    
   5.64965248       9.235       9.679       9.679    
   5.56404877       9.790       9.427       9.427    
   5.47844505       10.30       9.128       9.128    
   5.39284134       9.846       8.787       8.787    
   5.30723763       9.285       8.409       8.409    
   5.22163391       8.145       8.001       8.001    
   5.13603020       7.293       7.567       7.567    
   5.05042648       7.400       7.116       7.116    
   4.96482277       6.879       6.652       6.652    
   4.87921906       5.795       6.183       6.183    
   4.79361534       5.251       5.712       5.712    
   4.70801163       4.846       5.247       5.247    
   4.62240791       4.605       4.792       4.792    
   4.53680420       4.388       4.350       4.350    
   4.45120049       4.051       3.926       3.926    
   4.36559677       3.211       3.523       3.523    
   4.27999306       3.194       3.143       3.143    
   4.19438934       2.626       2.787       2.787    
   4.10878563       2.563       2.457       2.457    
   4.02318192       2.253       2.154       2.154    
   3.93757820       1.693       1.877       1.877    
   3.85197449       1.578       1.626       1.626    
   3.76637077       2.063       1.400       1.400    
   3.68076706       1.539       1.199       1.199    
   3.59516335       1.093       1.021       1.021    
   3.50955963      0.2614      0.8637      0.8637    
   3.42395592      0.5769      0.7267      0.7267    
   3.33835220      0.1505      0.6078      0.6078    
   3.25274849     -8.3218E-02  0.5054      0.5054    
   3.16714478      0.4666      0.4178      0.4178    
   3.08154106      0.8385      0.3433      0.3433    
   2.99593735      0.6848      0.2805      0.2805    
   2.91033363      0.8422      0.2279      0.2279    
   2.82472992      0.4528      0.1840      0.1840    
   2.73912621      0.1161      0.1477      0.1477    
   2.65352249      0.6031      0.1179      0.1179    
   2.56791878       1.081      9.3544E-02  9.3544E-02
   2.48231506       1.110      7.3790E-02  7.3790E-02
   2.39671135       1.095      5.7867E-02  5.7867E-02
   2.31110764      0.1035      4.5115E-02  4.5115E-02
   2.22550392     -0.4677      3.4968E-02  3.4968E-02
   2.13990021     -0.2474      2.6945E-02  2.6945E-02
   2.05429649      9.9914E-02  2.0642E-02  2.0642E-02
   1.96869278      0.5256      1.5720E-02  1.5720E-02
   1.88308907      0.6409      1.1902E-02  1.1902E-02
   1.79748535     -0.1309      8.9592E-03  8.9592E-03
   1.71188164      9.1128E-02  6.7044E-03  6.7044E-03
   1.62627792      0.1941      4.9878E-03  4.9878E-03
   1.54067421     -0.6252      3.6890E-03  3.6890E-03
   1.45507050     -0.9673      2.7125E-03  2.7125E-03
   1.36946678     -1.7476E-02  1.9828E-03  1.9828E-03
   1.28386307      0.1650      1.4410E-03  1.4410E-03
   1.19825935      1.6822E-02  1.0411E-03  1.0411E-03
   1.11265564      0.2011      7.4777E-04  7.4777E-04
   1.02705193      4.4360E-02  5.3396E-04  5.3396E-04
  0.941448212     -0.5514      3.7906E-04  3.7906E-04
  0.855844498     -0.5135      2.6752E-04  2.6752E-04
  0.770240784     -0.1436      1.8770E-04  1.8770E-04
  0.684637070     -0.2079      1.3093E-04  1.3093E-04
  0.599033356     -0.1421      9.0796E-05  9.0796E-05
  0.513429642     -7.5471E-03  6.2596E-05  6.2596E-05
  0.427825928     -0.3754      4.2903E-05  4.2903E-05
  0.342222214      3.2862E-02  2.9233E-05  2.9233E-05
  0.256618500      5.3413E-02  1.9803E-05  1.9803E-05
  0.171014786     -8.4847E-03  1.3336E-05  1.3336E-05
  8.541107178E-02 -0.2733      8.9290E-06  8.9290E-06
 -1.926422119E-04  0.1844      5.9432E-06  5.9432E-06
 -8.579635620E-02 -0.3787      3.9328E-06  3.9328E-06
 -0.171400070     -0.3872      2.5872E-06  2.5872E-06
 -0.257003784      1.7316E-02  1.6921E-06  1.6921E-06
 -0.342607498     -0.6335       0.000       0.000    
 -0.428211212     -0.3598       0.000       0.000    
 -0.513814926      0.1877       0.000       0.000    
 -0.599418640      0.6277       0.000       0.000    
 -0.685022354      0.3487       0.000       0.000    
 -0.770626068     -0.1137       0.000       0.000    
 -0.856229782     -0.3214       0.000       0.000    
 -0.941833496      0.2079       0.000       0.000    
  -1.02743721     -0.3015       0.000       0.000    
  -1.11304092      0.3924       0.000       0.000    
  -1.19864464      0.3212       0.000       0.000    
  -1.28424835     -0.3216       0.000       0.000    
  -1.36985207     -0.2832       0.000       0.000    
  -1.45545578     -0.2230       0.000       0.000    
  -1.54105949      0.4887       0.000       0.000    
  -1.62666321      0.1542       0.000       0.000    
  -1.71226692     -0.3581       0.000       0.000    
  -1.79787064      0.1089       0.000       0.000    
  -1.88347435     -0.4199       0.000       0.000    
  -1.96907806     -0.4170       0.000       0.000    
  -2.05468178     -0.1858       0.000       0.000    
  -2.14028549     -0.2946       0.000       0.000    
  -2.22588921     -0.1125       0.000       0.000    
  -2.31149292      3.9710E-02   0.000       0.000    
  -2.39709663       1.099       0.000       0.000    
  -2.48270035      0.3334       0.000       0.000    
  -2.56830406     -0.2162       0.000       0.000    
  -2.65390778     -0.1429       0.000       0.000    
  -2.73951149     -4.0488E-02   0.000       0.000    
  -2.82511520      0.2469       0.000       0.000    
  -2.91071892      6.0795E-02   0.000       0.000    
  -2.99632263      -1.247       0.000       0.000    
  -3.08192635     -0.1602       0.000       0.000    
  -3.16753006      0.2030       0.000       0.000    
  -3.25313377     -0.4937       0.000       0.000    
  -3.33873749     -0.4073       0.000       0.000    
  -3.42434120     -0.3279       0.000       0.000    
  -3.50994492     -3.5466E-02   0.000       0.000    
  -3.59554863      5.2137E-02   0.000       0.000    
  -3.68115234      0.5711       0.000       0.000    
  -3.76675606      0.9555       0.000       0.000    
  -3.85235977      0.3888       0.000       0.000    
  -3.93796349      0.1202       0.000       0.000    
