   18.5000257      0.1040       0.000       0.000    
   18.4144220     -0.4291       0.000       0.000    
   18.3288183      0.3465       0.000       0.000    
   18.2432146     -8.7542E-02   0.000       0.000    
   18.1576109     -0.3469       0.000       0.000    
   18.0720072     -0.1053       0.000       0.000    
   17.9864035     -0.6900       0.000       0.000    
   17.9007998      2.1121E-03   0.000       0.000    
   17.8151960     -4.0264E-03   0.000       0.000    
   17.7295923     -0.3883       0.000       0.000    
   17.6439886     -0.6482       0.000       0.000    
   17.5583849      0.2372       0.000       0.000    
   17.4727812      0.4309       0.000       0.000    
   17.3871775     -0.2211       0.000       0.000    
   17.3015738      0.4028       0.000       0.000    
   17.2159700      0.5677       0.000       0.000    
   17.1303663      0.2995       0.000       0.000    
   17.0447626      0.2188       0.000       0.000    
   16.9591589     -0.1192       0.000       0.000    
   16.8735552     -0.3981       0.000       0.000    
   16.7879515      6.9766E-02   0.000       0.000    
   16.7023478      0.2905       0.000       0.000    
   16.6167440      0.3655       0.000       0.000    
   16.5311403      0.4391       0.000       0.000    
   16.4455366     -0.2977       0.000       0.000    
   16.3599329     -2.4713E-02   0.000       0.000    
   16.2743292      0.4299       0.000       0.000    
   16.1887255     -0.2182       0.000       0.000    
   16.1031218     -0.1927       0.000       0.000    
   16.0175180      0.5567       0.000       0.000    
   15.9319143      0.5364       0.000       0.000    
   15.8463106     -0.2337       0.000       0.000    
   15.7607069      7.4356E-02   0.000       0.000    
   15.6751032     -8.1522E-02   0.000       0.000    
   15.5894995      0.5239       0.000       0.000    
   15.5038958      0.4193       0.000       0.000    
   15.4182920      0.6676       0.000       0.000    
   15.3326883      0.7557       0.000       0.000    
   15.2470846      0.3096       0.000       0.000    
   15.1614809      0.3494       0.000       0.000    
   15.0758772     -0.3293       0.000       0.000    
   14.9902735     -0.5574       0.000       0.000    
   14.9046698     -0.4870       0.000       0.000    
   14.8190660     -0.1450       0.000       0.000    
   14.7334623      0.3721       0.000       0.000    
   14.6478586     -1.4761E-02   0.000       0.000    
   14.5622549     -0.4498       0.000       0.000    
   14.4766512     -0.3683       0.000       0.000    
   14.3910475     -3.0761E-02   0.000       0.000    
   14.3054438     -0.2915       0.000       0.000    
   14.2198400     -0.1523       0.000       0.000    
   14.1342363     -0.3463       0.000       0.000    
   14.0486326     -0.2001       0.000       0.000    
   13.9630289     -0.4553       0.000       0.000    
   13.8774252     -0.1432       0.000       0.000    
   13.7918215      2.7129E-02   0.000       0.000    
   13.7062178     -0.2712       0.000       0.000    
   13.6206141      0.1065       0.000       0.000    
   13.5350103     -0.3663       0.000       0.000    
   13.4494066      0.1538       0.000       0.000    
   13.3638029     -0.4864       0.000       0.000    
   13.2781992      0.6310       0.000       0.000    
   13.1925955     -0.2428       0.000       0.000    
   13.1069918      0.1291       0.000       0.000    
   13.0213881      0.2418       0.000       0.000    
   12.9357843      0.2321       0.000       0.000    
   12.8501806      0.2974       0.000       0.000    
   12.7645769      6.9708E-02   0.000       0.000    
   12.6789732     -0.8698       0.000       0.000    
   12.5933695     -0.5714       0.000       0.000    
   12.5077658      0.5929       0.000       0.000    
   12.4221621      0.2457       0.000       0.000    
   12.3365583     -0.1487       0.000       0.000    
   12.2509546      0.1176       0.000       0.000    
   12.1653509      0.1318       0.000       0.000    
   12.0797472     -0.4158       0.000       0.000    
   11.9941435      0.3294       0.000       0.000    
   11.9085398      0.2286       0.000       0.000    
   11.8229361     -0.5241       0.000       0.000    
   11.7373323     -0.1350       0.000       0.000    
   11.6517286      0.1804       0.000       0.000    
   11.5661249     -0.3694       0.000       0.000    
   11.4805212     -0.3440       0.000       0.000    
   11.3949175      0.1096       0.000       0.000    
   11.3093138     -0.2010       0.000       0.000    
   11.2237101      8.7851E-02   0.000       0.000    
   11.1381063      0.1516       0.000       0.000    
   11.0525026     -0.5231      1.3450E-06  1.3450E-06
   10.9668989      0.2676      3.3832E-06  3.3832E-06
   10.8812952      0.3073      8.2660E-06  8.2660E-06
   10.7956915      0.8803      1.9617E-05  1.9617E-05
   10.7100878     -0.5633      4.5220E-05  4.5220E-05
   10.6244841     -0.2865      1.0125E-04  1.0125E-04
   10.5388803     -0.1596      2.2020E-04  2.2020E-04
   10.4532766     -0.4327      4.6516E-04  4.6516E-04
   10.3676729     -0.4327      9.5443E-04  9.5443E-04
   10.2820692      0.4658      1.9022E-03  1.9022E-03
   10.1964655     -0.4263      3.6824E-03  3.6824E-03
   10.1108618      0.1154      6.9242E-03  6.9242E-03
   10.0252581     -0.4838      1.2646E-02  1.2646E-02
   9.93965435      0.3405      2.2435E-02  2.2435E-02
   9.85405064     -9.3247E-02  3.8659E-02  3.8659E-02
   9.76844692     -0.2379      6.4705E-02  6.4705E-02
   9.68284321     -0.3835      0.1052      0.1052    
   9.59723949     -0.1745      0.1661      0.1661    
   9.51163578     -2.7930E-02  0.2548      0.2548    
   9.42603207      0.4531      0.3796      0.3796    
   9.34042835      0.8658      0.5493      0.5493    
   9.25482464       1.503      0.7721      0.7721    
   9.16922092       1.487       1.054       1.054    
   9.08361721       1.662       1.398       1.398    
   8.99801350       2.197       1.801       1.801    
   8.91240978       1.762       2.253       2.253    
   8.82680607       2.451       2.738       2.738    
   8.74120235       2.907       3.232       3.232    
   8.65559864       3.829       3.706       3.706    
   8.56999493       3.769       4.127       4.127    
   8.48439121       4.095       4.464       4.464    
   8.39878750       4.761       4.691       4.691    
   8.31318378       5.146       4.787       4.787    
   8.22758007       4.585       4.746       4.746    
   8.14197636       5.200       4.570       4.570    
   8.05637264       4.324       4.274       4.274    
   7.97076893       4.137       3.883       3.883    
   7.88516521       3.971       3.426       3.426    
   7.79956150       2.356       2.936       2.936    
   7.71395779       1.846       2.445       2.445    
   7.62835407       1.436       1.977       1.977    
   7.54275036       1.848       1.553       1.553    
   7.45714664      0.9997       1.185       1.185    
   7.37154293      0.9103      0.8778      0.8778    
   7.28593922      0.5832      0.6318      0.6318    
   7.20033550      0.4927      0.4417      0.4417    
   7.11473179      0.7549      0.3000      0.3000    
   7.02912807      0.3687      0.1979      0.1979    
   6.94352436      0.3860      0.1268      0.1268    
   6.85792065      0.4454      7.8896E-02  7.8896E-02
   6.77231693      0.5564      4.7691E-02  4.7691E-02
   6.68671322     -0.1494      2.8001E-02  2.8001E-02
   6.60110950     -0.1232      1.5969E-02  1.5969E-02
   6.51550579     -9.8619E-02  8.8460E-03  8.8460E-03
   6.42990208      0.5599      4.7597E-03  4.7597E-03
   6.34429836      0.4010      2.4875E-03  2.4875E-03
   6.25869465     -0.4903      1.2628E-03  1.2628E-03
   6.17309093      0.4580      6.2265E-04  6.2265E-04
   6.08748722      0.5216      2.9821E-04  2.9821E-04
   6.00188351     -0.1553      1.3873E-04  1.3873E-04
   5.91627979     -0.4759      6.2686E-05  6.2686E-05
   5.83067608     -0.1714      2.7513E-05  2.7513E-05
   5.74507236     -0.2879      1.1729E-05  1.1729E-05
   5.65946865     -0.7241      4.8570E-06  4.8570E-06
   5.57386494      -1.010      1.9535E-06  1.9535E-06
   5.48826122     -0.3364      7.6320E-07  7.6320E-07
   5.40265751     -2.1979E-02   0.000       0.000    
   5.31705379     -0.1952       0.000       0.000    
   5.23145008     -0.1208       0.000       0.000    
   5.14584637     -0.3686       0.000       0.000    
   5.06024265      0.2874       0.000       0.000    
   4.97463894      6.2948E-03   0.000       0.000    
   4.88903522     -0.4619       0.000       0.000    
   4.80343151     -0.4287       0.000       0.000    
   4.71782780     -0.5766       0.000       0.000    
   4.63222408      0.1412       0.000       0.000    
   4.54662037     -0.4379       0.000       0.000    
   4.46101665     -0.1607       0.000       0.000    
   4.37541294     -5.5039E-02   0.000       0.000    
   4.28980923      4.7676E-02   0.000       0.000    
   4.20420551     -0.2621       0.000       0.000    
   4.11860180     -0.2515       0.000       0.000    
   4.03299809     -0.4331       0.000       0.000    
   3.94739437     -0.7442       0.000       0.000    
   3.86179066      0.6805       0.000       0.000    
   3.77618694     -0.5251       0.000       0.000    
   3.69058323     -0.5787       0.000       0.000    
   3.60497952     -0.7571       0.000       0.000    
   3.51937580     -0.5220       0.000       0.000    
   3.43377209      0.4251       0.000       0.000    
   3.34816837     -0.3123       0.000       0.000    
   3.26256466     -0.3527       0.000       0.000    
   3.17696095     -7.8105E-02   0.000       0.000    
   3.09135723     -0.4837       0.000       0.000    
   3.00575352     -0.9647       0.000       0.000    
   2.92014980     -0.1510       0.000       0.000    
   2.83454609      0.4275       0.000       0.000    
   2.74894238     -0.1144       0.000       0.000    
   2.66333866     -0.2145       0.000       0.000    
   2.57773495     -4.6190E-02   0.000       0.000    
   2.49213123     -0.6828       0.000       0.000    
   2.40652752      0.1285       0.000       0.000    
   2.32092381      0.4520       0.000       0.000    
   2.23532009       1.013       0.000       0.000    
   2.14971638     -0.4284       0.000       0.000    
   2.06411266      0.2810       0.000       0.000    
   1.97850895      0.4922       0.000       0.000    
   1.89290524      0.2416       0.000       0.000    
   1.80730152      0.6044       0.000       0.000    
   1.72169781      0.2933       0.000       0.000    
   1.63609409      0.3824       0.000       0.000    
   1.55049038      0.2602       0.000       0.000    
   1.46488667     -0.5478       0.000       0.000    
   1.37928295     -1.1637E-02   0.000       0.000    
   1.29367924     -0.5211       0.000       0.000    
   1.20807552      3.8142E-02   0.000       0.000    
   1.12247181      0.3008       0.000       0.000    
   1.03686810      0.1695       0.000       0.000    
  0.951264381      0.1858       0.000       0.000    
  0.865660667      0.2013       0.000       0.000    
  0.780056953      0.3932       0.000       0.000    
  0.694453239      0.1859       0.000       0.000    
  0.608849525      0.5845       0.000       0.000    
  0.523245811     -8.2293E-02   0.000       0.000    
  0.437642097     -0.1036       0.000       0.000    
  0.352038383      0.1503       0.000       0.000    
  0.266434669     -0.1636       0.000       0.000    
  0.180830956      0.6783       0.000       0.000    
  9.522724152E-02  0.7241       0.000       0.000    
  9.623527527E-03  4.2926E-03   0.000       0.000    
 -7.598018646E-02  3.1868E-02   0.000       0.000    
 -0.161583900     -0.6235       0.000       0.000    
 -0.247187614     -0.3301       0.000       0.000    
 -0.332791328     -7.4394E-02   0.000       0.000    
 -0.418395042     -0.6607       0.000       0.000    
 -0.503998756      0.1617       0.000       0.000    
 -0.589602470      0.3252       0.000       0.000    
 -0.675206184      8.2446E-02   0.000       0.000    
 -0.760809898     -0.4609       0.000       0.000    
 -0.846413612     -0.4525       0.000       0.000    
 -0.932017326     -0.7860       0.000       0.000    
  -1.01762104      7.2670E-02   0.000       0.000    
  -1.10322475      0.1847       0.000       0.000    
  -1.18882847     -0.3888       0.000       0.000    
  -1.27443218      0.1912       0.000       0.000    
  -1.36003590     -9.6797E-02   0.000       0.000    
  -1.44563961     -0.5614       0.000       0.000    
  -1.53124332     -0.2455       0.000       0.000    
