   17.8827477     -0.5485      2.9877E-07  2.9877E-07
   17.7971497     -0.2962      3.7916E-07  3.7916E-07
   17.7115517     -0.7208      4.8018E-07  4.8018E-07
   17.6259537     -0.2564      6.0687E-07  6.0687E-07
   17.5403557      6.5925E-02  7.6541E-07  7.6541E-07
   17.4547577     -0.1501      9.6338E-07  9.6338E-07
   17.3691597     -0.5799      1.2101E-06  1.2101E-06
   17.2835617      -1.015      1.5168E-06  1.5168E-06
   17.1979637     -0.4564      1.8973E-06  1.8973E-06
   17.1123657      0.2276      2.3685E-06  2.3685E-06
   17.0267677      0.1735      2.9506E-06  2.9506E-06
   16.9411697      0.5169      3.6681E-06  3.6681E-06
   16.8555717      2.9425E-03  4.5509E-06  4.5509E-06
   16.7699738      0.7599      5.6344E-06  5.6344E-06
   16.6843758      0.7964      6.9615E-06  6.9615E-06
   16.5987778     -9.2946E-02  8.5835E-06  8.5835E-06
   16.5131798     -0.2320      1.0562E-05  1.0562E-05
   16.4275818     -3.4264E-02  1.2969E-05  1.2969E-05
   16.3419838     -1.5900E-02  1.5893E-05  1.5893E-05
   16.2563858      0.2558      1.9435E-05  1.9435E-05
   16.1707878      0.2542      2.3718E-05  2.3718E-05
   16.0851898      0.4691      2.8885E-05  2.8885E-05
   15.9995918      6.4779E-02  3.5106E-05  3.5106E-05
   15.9139938     -0.1272      4.2579E-05  4.2579E-05
   15.8283958     -0.2746      5.1536E-05  5.1536E-05
   15.7427979      0.2462      6.2249E-05  6.2249E-05
   15.6571999     -0.3765      7.5035E-05  7.5035E-05
   15.5716019      0.1133      9.0261E-05  9.0261E-05
   15.4860039      0.3013      1.0835E-04  1.0835E-04
   15.4004059     -5.8570E-02  1.2980E-04  1.2980E-04
   15.3148079      0.2825      1.5518E-04  1.5518E-04
   15.2292099      0.1057      1.8514E-04  1.8514E-04
   15.1436119     -0.2593      2.2043E-04  2.2043E-04
   15.0580139      2.4570E-02  2.6190E-04  2.6190E-04
   14.9724159     -0.1023      3.1054E-04  3.1054E-04
   14.8868179      0.3170      3.6745E-04  3.6745E-04
   14.8012199      0.6164      4.3390E-04  4.3390E-04
   14.7156219      0.2430      5.1131E-04  5.1131E-04
   14.6300240     -0.1606      6.0130E-04  6.0130E-04
   14.5444260      0.3428      7.0566E-04  7.0566E-04
   14.4588280     -0.1948      8.2644E-04  8.2644E-04
   14.3732300      0.1557      9.6590E-04  9.6590E-04
   14.2876320     -7.5487E-02  1.1266E-03  1.1266E-03
   14.2020340      0.2821      1.3113E-03  1.3113E-03
   14.1164360      0.2841      1.5231E-03  1.5231E-03
   14.0308380      1.0221E-02  1.7655E-03  1.7655E-03
   13.9452400      3.1065E-02  2.0423E-03  2.0423E-03
   13.8596420      0.5418      2.3576E-03  2.3576E-03
   13.7740440      0.2486      2.7160E-03  2.7160E-03
   13.6884460      9.0178E-02  3.1225E-03  3.1225E-03
   13.6028481      0.6316      3.5824E-03  3.5824E-03
   13.5172501     -0.2792      4.1016E-03  4.1016E-03
   13.4316521     -0.4288      4.6864E-03  4.6864E-03
   13.3460541      1.8663E-02  5.3436E-03  5.3436E-03
   13.2604561      0.1626      6.0804E-03  6.0804E-03
   13.1748581      0.1661      6.9046E-03  6.9046E-03
   13.0892601     -8.2430E-02  7.8243E-03  7.8243E-03
   13.0036621     -0.3364      8.8484E-03  8.8484E-03
   12.9180641     -0.1441      9.9858E-03  9.9858E-03
   12.8324661     -5.8389E-02  1.1246E-02  1.1246E-02
   12.7468681     -6.5676E-02  1.2640E-02  1.2640E-02
   12.6612701      0.1191      1.4177E-02  1.4177E-02
   12.5756721     -0.3102      1.5868E-02  1.5868E-02
   12.4900742      0.1851      1.7725E-02  1.7725E-02
   12.4044762      0.1661      1.9758E-02  1.9758E-02
   12.3188782     -0.1376      2.1979E-02  2.1979E-02
   12.2332802     -0.1222      2.4399E-02  2.4399E-02
   12.1476822     -0.3446      2.7030E-02  2.7030E-02
   12.0620842     -0.9224      2.9884E-02  2.9884E-02
   11.9764862     -0.2840      3.2970E-02  3.2970E-02
   11.8908882     -2.8522E-02  3.6301E-02  3.6301E-02
   11.8052902      0.3005      3.9885E-02  3.9885E-02
   11.7196922      6.5270E-02  4.3734E-02  4.3734E-02
   11.6340942     -0.2294      4.7855E-02  4.7855E-02
   11.5484962     -8.5373E-02  5.2257E-02  5.2257E-02
   11.4628983      0.4426      5.6947E-02  5.6947E-02
   11.3773003     -4.9990E-02  6.1930E-02  6.1930E-02
   11.2917023     -5.8773E-02  6.7211E-02  6.7211E-02
   11.2061043      0.3273      7.2791E-02  7.2791E-02
   11.1205063      0.1083      7.8673E-02  7.8673E-02
   11.0349083      4.3537E-02  8.4856E-02  8.4856E-02
   10.9493103      0.3483      9.1336E-02  9.1336E-02
   10.8637123      0.3990      9.8109E-02  9.8109E-02
   10.7781143      0.4638      0.1052      0.1052    
   10.6925163      4.0541E-02  0.1125      0.1125    
   10.6069183     -0.4744      0.1201      0.1201    
   10.5213203      0.1672      0.1279      0.1279    
   10.4357224      7.8349E-02  0.1360      0.1360    
   10.3501244      0.3704      0.1443      0.1443    
   10.2645264      4.9918E-02  0.1528      0.1528    
   10.1789284     -1.2765E-02  0.1615      0.1615    
   10.0933304      0.8028      0.1702      0.1702    
   10.0077324      0.1509      0.1791      0.1791    
   9.92213440     -8.7222E-02  0.1881      0.1881    
   9.83653641      0.3801      0.1971      0.1971    
   9.75093842      0.3404      0.2062      0.2062    
   9.66534042      0.1910      0.2152      0.2152    
   9.57974243     -0.1917      0.2241      0.2241    
   9.49414444     -3.9735E-02  0.2329      0.2329    
   9.40854645      0.6610      0.2416      0.2416    
   9.32294846      0.2253      0.2500      0.2500    
   9.23735046      0.3127      0.2583      0.2583    
   9.15175247      0.2552      0.2662      0.2662    
   9.06615448      2.7406E-02  0.2739      0.2739    
   8.98055649      0.5745      0.2812      0.2812    
   8.89495850      0.4535      0.2881      0.2881    
   8.80936050      0.4738      0.2945      0.2945    
   8.72376251     -0.5812      0.3005      0.3005    
   8.63816452      0.2705      0.3059      0.3059    
   8.55256653      0.7778      0.3108      0.3108    
   8.46696854      0.3415      0.3152      0.3152    
   8.38137054      0.3451      0.3190      0.3190    
   8.29577255      0.2650      0.3221      0.3221    
   8.21017456      0.7327      0.3246      0.3246    
   8.12457657      0.5728      0.3264      0.3264    
   8.03897858      0.3335      0.3276      0.3276    
   7.95338058      0.1219      0.3281      0.3281    
   7.86778259      0.6243      0.3279      0.3279    
   7.78218460      0.6278      0.3271      0.3271    
   7.69658661      0.6860      0.3256      0.3256    
   7.61098862      0.3792      0.3234      0.3234    
   7.52539062     -0.1454      0.3206      0.3206    
   7.43979263      0.3054      0.3171      0.3171    
   7.35419464      9.4930E-02  0.3131      0.3131    
   7.26859665     -0.4070      0.3085      0.3085    
   7.18299866      9.6693E-02  0.3033      0.3033    
   7.09740067      0.5892      0.2975      0.2975    
   7.01180267     -0.2413      0.2913      0.2913    
   6.92620468      0.1202      0.2847      0.2847    
   6.84060669      0.1822      0.2776      0.2776    
   6.75500870      0.2687      0.2701      0.2701    
   6.66941071      0.1751      0.2623      0.2623    
   6.58381271     -0.1499      0.2542      0.2542    
   6.49821472      0.2075      0.2458      0.2458    
   6.41261673      3.4681E-02  0.2372      0.2372    
   6.32701874      3.8740E-02  0.2285      0.2285    
   6.24142075      0.1346      0.2196      0.2196    
   6.15582275      0.6115      0.2107      0.2107    
   6.07022476       1.064      0.2016      0.2016    
   5.98462677      0.7913      0.1926      0.1926    
   5.89902878      0.4551      0.1836      0.1836    
   5.81343079     -1.3847E-02  0.1747      0.1747    
   5.72783279      0.5627      0.1658      0.1658    
   5.64223480      0.3214      0.1571      0.1571    
   5.55663681     -5.6886E-02  0.1485      0.1485    
   5.47103882      0.1600      0.1401      0.1401    
   5.38544083     -9.5282E-02  0.1319      0.1319    
   5.29984283     -3.3935E-02  0.1240      0.1240    
   5.21424484     -0.2398      0.1163      0.1163    
   5.12864685      0.3840      0.1088      0.1088    
   5.04304886      0.4213      0.1016      0.1016    
   4.95745087      0.7128      9.4674E-02  9.4674E-02
   4.87185287      0.4632      8.8048E-02  8.8048E-02
   4.78625488      0.2808      8.1717E-02  8.1717E-02
   4.70065689     -0.1812      7.5685E-02  7.5685E-02
   4.61505890     -0.3884      6.9954E-02  6.9954E-02
   4.52946091     -0.3448      6.4524E-02  6.4524E-02
   4.44386292     -2.2010E-02  5.9393E-02  5.9393E-02
   4.35826492      0.3650      5.4558E-02  5.4558E-02
   4.27266693     -0.5904      5.0013E-02  5.0013E-02
   4.18706894     -0.4076      4.5753E-02  4.5753E-02
   4.10147095      0.1689      4.1770E-02  4.1770E-02
   4.01587296      0.3865      3.8054E-02  3.8054E-02
   3.93027496     -0.1402      3.4599E-02  3.4599E-02
   3.84467697     -0.1616      3.1392E-02  3.1392E-02
   3.75907898     -0.2502      2.8424E-02  2.8424E-02
   3.67348099     -7.1608E-02  2.5683E-02  2.5683E-02
   3.58788300     -0.2230      2.3159E-02  2.3159E-02
   3.50228500      9.9336E-02  2.0840E-02  2.0840E-02
   3.41668701     -0.1734      1.8715E-02  1.8715E-02
   3.33108902      0.3376      1.6772E-02  1.6772E-02
   3.24549103      0.1605      1.5000E-02  1.5000E-02
   3.15989304      0.5687      1.3387E-02  1.3387E-02
   3.07429504      0.2098      1.1924E-02  1.1924E-02
   2.98869705     -0.1429      1.0598E-02  1.0598E-02
   2.90309906     -0.2670      9.4004E-03  9.4004E-03
   2.81750107      5.5333E-02  8.3210E-03  8.3210E-03
   2.73190308     -0.3424      7.3504E-03  7.3504E-03
   2.64630508     -1.2422E-02  6.4797E-03  6.4797E-03
   2.56070709      2.5933E-02  5.7003E-03  5.7003E-03
   2.47510910      0.1430      5.0044E-03  5.0044E-03
   2.38951111      0.1329      4.3844E-03  4.3844E-03
   2.30391312      0.3470      3.8334E-03  3.8334E-03
   2.21831512      0.3775      3.3447E-03  3.3447E-03
   2.13271713     -4.9178E-02  2.9123E-03  2.9123E-03
   2.04711914      6.6200E-04  2.5305E-03  2.5305E-03
   1.96152115      6.1925E-02  2.1943E-03  2.1943E-03
   1.87592316     -9.8842E-02  1.8989E-03  1.8989E-03
   1.79032516     -4.9755E-02  1.6398E-03  1.6398E-03
   1.70472717     -9.8105E-02  1.4132E-03  1.4132E-03
   1.61912918     -0.7429      1.2154E-03  1.2154E-03
   1.53353119      2.8587E-02  1.0431E-03  1.0431E-03
   1.44793320      0.5257      8.9344E-04  8.9344E-04
   1.36233521      0.2419      7.6366E-04  7.6366E-04
   1.27673721      0.4421      6.5138E-04  6.5138E-04
   1.19113922      0.6069      5.5447E-04  5.5447E-04
   1.10554123     -7.1163E-02  4.7101E-04  4.7101E-04
   1.01994324     -0.4412      3.9929E-04  3.9929E-04
  0.934345245     -0.5832      3.3779E-04  3.3779E-04
  0.848747253      0.6668      2.8518E-04  2.8518E-04
  0.763149261     -0.1039      2.4026E-04  2.4026E-04
  0.677551270      0.6881      2.0201E-04  2.0201E-04
  0.591953278      0.4109      1.6949E-04  1.6949E-04
  0.506355286     -0.4466      1.4192E-04  1.4192E-04
  0.420757294     -0.1682      1.1859E-04  1.1859E-04
  0.335159302      0.4155      9.8889E-05  9.8889E-05
  0.249561310      0.1944      8.2292E-05  8.2292E-05
  0.163963318      3.4695E-02  6.8340E-05  6.8340E-05
  7.836532593E-02 -0.4486      5.6636E-05  5.6636E-05
 -7.232666016E-03 -0.2923      4.6841E-05  4.6841E-05
 -9.283065796E-02  3.9909E-02  3.8660E-05  3.8660E-05
 -0.178428650      0.1196      3.1842E-05  3.1842E-05
 -0.264026642     -0.3549      2.6172E-05  2.6172E-05
 -0.349624634     -0.4200      2.1468E-05  2.1468E-05
 -0.435222626     -0.1302      1.7573E-05  1.7573E-05
 -0.520820618     -0.2660      1.4355E-05  1.4355E-05
 -0.606418610     -0.5630      1.1703E-05  1.1703E-05
 -0.692016602     -0.9063      9.5205E-06  9.5205E-06
 -0.777614594     -0.5041      7.7293E-06  7.7293E-06
 -0.863212585      0.3189      6.2622E-06  6.2622E-06
 -0.948810577      0.2580      5.0632E-06  5.0632E-06
  -1.03440857     -0.4323      4.0853E-06  4.0853E-06
  -1.12000656     -0.2117      3.2895E-06  3.2895E-06
  -1.20560455      0.5784      2.6433E-06  2.6433E-06
  -1.29120255      0.8602      2.1196E-06  2.1196E-06
  -1.37680054      0.1325      1.6962E-06  1.6962E-06
  -1.46239853     -0.3169      1.3546E-06  1.3546E-06
  -1.54799652     -0.5493      1.0796E-06  1.0796E-06
  -1.63359451     -0.4255      8.5860E-07  8.5860E-07
  -1.71919250     -7.9549E-02  6.8145E-07  6.8145E-07
  -1.80479050     -8.8432E-02  5.3975E-07  5.3975E-07
  -1.89038849      0.3059      4.2663E-07  4.2663E-07
  -1.97598648     -0.7901      3.3652E-07  3.3652E-07
  -2.06158447     -0.1333      2.6490E-07  2.6490E-07
