   47.3998337      8.8613E-02  1.0687E-04  1.0687E-04
   44.8727684     -5.5130E-02  2.8867E-04  2.8867E-04
   42.3457031      0.1383      7.2899E-04  7.2899E-04
   39.8186378     -0.1116      1.7211E-03  1.7211E-03
   37.2915726     -0.1950      3.7991E-03  3.7991E-03
   34.7645073      9.1678E-02  7.8401E-03  7.8401E-03
   32.2374420      7.8518E-03  1.5126E-02  1.5126E-02
   29.7103767      5.1091E-02  2.7284E-02  2.7284E-02
   27.1833115      0.1359      4.6012E-02  4.6012E-02
   24.6562462      0.1879      7.2543E-02  7.2543E-02
   22.1291809     -5.9141E-02  0.1069      0.1069    
   19.6021156      0.4709      0.1474      0.1474    
   17.0750504     -0.1045      0.1898      0.1898    
   14.5479851      0.2565      0.2287      0.2287    
   12.0209198      6.2416E-02  0.2575      0.2575    
   9.49385452      0.3908      0.2711      0.2711    
   6.96678925      0.4320      0.2668      0.2668    
   4.43972397      0.1880      0.2456      0.2456    
   1.91265869      0.2910      0.2113      0.2113    
 -0.614406586     -1.4090E-02  0.1699      0.1699    
  -3.14147186      0.2180      0.1278      0.1278    
  -5.66853714      7.0186E-02  8.9837E-02  8.9837E-02
  -8.19560242      5.3687E-02  5.9048E-02  5.9048E-02
  -10.7226677      6.0509E-02  3.6285E-02  3.6285E-02
  -13.2497330      5.5163E-02  2.0846E-02  2.0846E-02
  -15.7767982     -2.6371E-02  1.1197E-02  1.1197E-02
  -18.3038635     -0.1817      5.6225E-03  5.6225E-03
  -20.8309288     -0.1405      2.6396E-03  2.6396E-03
  -23.3579941     -0.1355      1.1586E-03  1.1586E-03
  -25.8850594      3.5345E-02  4.7542E-04  4.7542E-04
  -28.4121246     -5.6890E-02  1.8239E-04  1.8239E-04
  -30.9391899     -0.1175      6.5417E-05  6.5417E-05
  -33.4662552      3.8588E-03  2.1936E-05  2.1936E-05
