   45.2533531      0.1485       0.000       0.000    
   42.7263527      0.1127       0.000       0.000    
   40.1993523      0.4152       0.000       0.000    
   37.6723518       1.462       0.000       0.000    
   35.1453514       2.230       0.000       0.000    
   32.6183510      0.6266       0.000       0.000    
   30.0913506     -0.1269       0.000       0.000    
   27.5643501      7.1149E-02   0.000       0.000    
   25.0373497      3.6170E-02   0.000       0.000    
   22.5103493      0.3364       0.000       0.000    
   19.9833488      0.1702      2.1155E-07  2.1155E-07
   17.4563484      3.9246E-02  2.5876E-05  2.5876E-05
   14.9293480     -0.1946      1.2433E-03  1.2433E-03
   12.4023476      0.3318      2.3466E-02  2.3466E-02
   9.87534714      0.1911      0.1740      0.1740    
   7.34834671      0.4180      0.5067      0.5067    
   4.82134628      0.6634      0.5797      0.5797    
   2.29434586      0.2252      0.2605      0.2605    
 -0.232654572     -4.2603E-02  4.5990E-02  4.5990E-02
  -2.75965500     -8.0321E-02  3.1893E-03  3.1893E-03
  -5.28665543     -0.1895      8.6877E-05  8.6877E-05
  -7.81365585     -0.1687      9.2964E-07  9.2964E-07
  -10.3406563     -9.3818E-02   0.000       0.000    
  -12.8676567     -4.5254E-02   0.000       0.000    
  -15.3946571     -0.1066       0.000       0.000    
  -17.9216576      6.0000E-02   0.000       0.000    
  -20.4486580      0.3333       0.000       0.000    
  -22.9756584      0.4127       0.000       0.000    
  -25.5026588      0.6916       0.000       0.000    
  -28.0296593      8.5742E-02   0.000       0.000    
  -30.5566597      0.1437       0.000       0.000    
  -33.0836601      0.4601       0.000       0.000    
  -35.6106606      0.8342       0.000       0.000    
