   47.7011814      3.8426E-02   0.000       0.000       0.000    
   44.9343128     -5.6673E-03   0.000       0.000       0.000    
   42.1674442     -6.9622E-03   0.000       0.000       0.000    
   39.4005756      8.2892E-02   0.000       0.000       0.000    
   36.6337070      5.8057E-02   0.000       0.000       0.000    
   33.8668385     -7.2079E-02   0.000       0.000       0.000    
   31.0999699     -1.7394E-02   0.000       0.000       0.000    
   28.3331013      9.4057E-02   0.000       0.000       0.000    
   25.5662327     -4.4038E-02   0.000       0.000       0.000    
   22.7993641     -3.8062E-02   0.000       0.000       0.000    
   20.0324955      6.4989E-02  1.0141E-05  1.0141E-05   0.000    
   17.2656269      9.0074E-02  4.1545E-03  4.1541E-03  4.4589E-07
   14.4987583      0.2091      0.2146      0.2139      6.6755E-04
   11.7318897       1.492       1.491       1.385      0.1056    
   8.96502113       2.892       2.892       1.128       1.765    
   6.19815254       3.232       3.231      0.1154       3.116    
   3.43128395      0.5780      0.5828      1.4845E-03  0.5813    
  0.664415359      8.9728E-02  1.1461E-02  2.4012E-06  1.1459E-02
  -2.10245323      0.1623      2.3864E-05   0.000      2.3864E-05
  -4.86932182      2.4235E-02   0.000       0.000       0.000    
  -7.63619041     -8.0458E-02   0.000       0.000       0.000    
  -10.4030590      1.7822E-03   0.000       0.000       0.000    
  -13.1699276      3.9691E-02   0.000       0.000       0.000    
  -15.9367962      9.8218E-02   0.000       0.000       0.000    
  -18.7036648      5.8489E-02   0.000       0.000       0.000    
  -21.4705334      1.1905E-02   0.000       0.000       0.000    
  -24.2374020     -4.1824E-02   0.000       0.000       0.000    
  -27.0042706      4.8378E-02   0.000       0.000       0.000    
  -29.7711391     -6.2819E-02   0.000       0.000       0.000    
  -32.5380077      3.0469E-02   0.000       0.000       0.000    
