   17.0607591     -0.4176       0.000       0.000       0.000    
   16.9796586     -0.2240       0.000       0.000       0.000    
   16.8985581     -0.3531       0.000       0.000       0.000    
   16.8174577     -0.6105       0.000       0.000       0.000    
   16.7363572      9.6142E-02   0.000       0.000       0.000    
   16.6552567      0.2423       0.000       0.000       0.000    
   16.5741563      6.6899E-02   0.000       0.000       0.000    
   16.4930558      0.4568       0.000       0.000       0.000    
   16.4119554     -0.4103       0.000       0.000       0.000    
   16.3308549     -0.1345       0.000       0.000       0.000    
   16.2497544     -8.0954E-02   0.000       0.000       0.000    
   16.1686540     -2.0218E-02   0.000       0.000       0.000    
   16.0875535      0.6281       0.000       0.000       0.000    
   16.0064530     -0.4066       0.000       0.000       0.000    
   15.9253526     -5.0835E-02   0.000       0.000       0.000    
   15.8442521      0.9384       0.000       0.000       0.000    
   15.7631516      2.0884E-02   0.000       0.000       0.000    
   15.6820512      0.4238       0.000       0.000       0.000    
   15.6009507      0.1270       0.000       0.000       0.000    
   15.5198503     -0.2099       0.000       0.000       0.000    
   15.4387498     -0.3230       0.000       0.000       0.000    
   15.3576493     -0.2612       0.000       0.000       0.000    
   15.2765489      0.2940       0.000       0.000       0.000    
   15.1954484     -0.2639       0.000       0.000       0.000    
   15.1143479      -1.191       0.000       0.000       0.000    
   15.0332475     -0.7297       0.000       0.000       0.000    
   14.9521470     -0.8037       0.000       0.000       0.000    
   14.8710465     -0.6640       0.000       0.000       0.000    
   14.7899461      0.1897       0.000       0.000       0.000    
   14.7088456      0.2662       0.000       0.000       0.000    
   14.6277452     -0.6654       0.000       0.000       0.000    
   14.5466447     -0.1041       0.000       0.000       0.000    
   14.4655442     -0.6109       0.000       0.000       0.000    
   14.3844438     -8.7170E-02   0.000       0.000       0.000    
   14.3033433      0.5464       0.000       0.000       0.000    
   14.2222428      0.3736       0.000       0.000       0.000    
   14.1411424      0.4133       0.000       0.000       0.000    
   14.0600419      0.2858       0.000       0.000       0.000    
   13.9789414      4.9241E-02   0.000       0.000       0.000    
   13.8978410     -0.2218       0.000       0.000       0.000    
   13.8167405      0.4255       0.000       0.000       0.000    
   13.7356400     -0.1061       0.000       0.000       0.000    
   13.6545396     -0.5174       0.000       0.000       0.000    
   13.5734391     -0.8334       0.000       0.000       0.000    
   13.4923387     -0.6394       0.000       0.000       0.000    
   13.4112382     -0.6202       0.000       0.000       0.000    
   13.3301377     -0.1922       0.000       0.000       0.000    
   13.2490373      0.6178       0.000       0.000       0.000    
   13.1679368      0.3771       0.000       0.000       0.000    
   13.0868363     -0.8105      6.9937E-07   0.000      6.9937E-07
   13.0057359     -0.5748      1.0953E-06   0.000      1.0953E-06
   12.9246354     -0.5026      1.7042E-06   0.000      1.7042E-06
   12.8435349     -0.2209      2.6343E-06   0.000      2.6343E-06
   12.7624345      6.0683E-02  4.0452E-06   0.000      4.0452E-06
   12.6813340      0.1407      6.1713E-06   0.000      6.1713E-06
   12.6002336     -0.6097      9.3534E-06   0.000      9.3534E-06
   12.5191331     -0.6062      1.4083E-05   0.000      1.4083E-05
   12.4380326      9.3156E-02  2.1067E-05   0.000      2.1067E-05
   12.3569322      0.1757      3.1307E-05   0.000      3.1307E-05
   12.2758317      0.1203      4.6220E-05   0.000      4.6220E-05
   12.1947312      0.4643      6.7791E-05   0.000      6.7791E-05
   12.1136308     -2.5612E-02  9.8779E-05   0.000      9.8779E-05
   12.0325303      0.2508      1.4299E-04   0.000      1.4299E-04
   11.9514298      0.6535      2.0564E-04   0.000      2.0564E-04
   11.8703294     -0.1481      2.9380E-04   0.000      2.9380E-04
   11.7892289      0.4536      4.1702E-04   0.000      4.1702E-04
   11.7081285      0.5834      5.8804E-04   0.000      5.8804E-04
   11.6270280      0.9542      8.2377E-04   0.000      8.2377E-04
   11.5459275      0.3173      1.1465E-03   0.000      1.1465E-03
   11.4648271      0.9972      1.5851E-03   0.000      1.5851E-03
   11.3837266      0.7073      2.1773E-03   0.000      2.1773E-03
   11.3026261      0.4363      2.9711E-03   0.000      2.9711E-03
   11.2215257      0.4504      4.0278E-03   0.000      4.0278E-03
   11.1404252      0.3486      5.4247E-03   0.000      5.4247E-03
   11.0593247      0.1597      7.2584E-03   0.000      7.2584E-03
   10.9782243     -0.1771      9.6482E-03   0.000      9.6482E-03
   10.8971238     -0.8574      1.2741E-02   0.000      1.2741E-02
   10.8160233     -0.3290      1.6715E-02   0.000      1.6715E-02
   10.7349229     -0.5420      2.1786E-02   0.000      2.1786E-02
   10.6538224      4.4223E-02  2.8209E-02   0.000      2.8209E-02
   10.5727220     -0.4308      3.6288E-02   0.000      3.6288E-02
   10.4916215     -0.1836      4.6374E-02   0.000      4.6374E-02
   10.4105210      0.4024      5.8876E-02   0.000      5.8876E-02
   10.3294206      0.9593      7.4261E-02   0.000      7.4261E-02
   10.2483201      0.2102      9.3052E-02   0.000      9.3052E-02
   10.1672196      0.4154      0.1158       0.000      0.1158    
   10.0861192      6.3348E-02  0.1433       0.000      0.1433    
   10.0050187      0.1591      0.1760       0.000      0.1760    
   9.92391825      0.6557      0.2148       0.000      0.2148    
   9.84281778      0.5818      0.2605       0.000      0.2605    
   9.76171732      0.5468      0.3138       0.000      0.3138    
   9.68061686     -0.2739      0.3756       0.000      0.3756    
   9.59951639      0.5946      0.4466      2.7841E-06  0.4466    
   9.51841593       1.327      0.5275      6.9759E-06  0.5275    
   9.43731546       1.221      0.6191      1.7003E-05  0.6190    
   9.35621500      0.1695      0.7217      4.0316E-05  0.7217    
   9.27511454      0.2095      0.8360      9.2991E-05  0.8359    
   9.19401407      0.2532      0.9620      2.0865E-04  0.9618    
   9.11291361     -4.5582E-02   1.100      4.5540E-04   1.099    
   9.03181314      0.4696       1.249      9.6693E-04   1.248    
   8.95071268      0.5628       1.411      1.9971E-03   1.409    
   8.86961222       1.119       1.583      4.0126E-03   1.579    
   8.78851175       1.709       1.766      7.8427E-03   1.758    
   8.70741129       1.770       1.960      1.4911E-02   1.945    
   8.62631083       2.287       2.165      2.7579E-02   2.137    
   8.54521036       2.022       2.383      4.9619E-02   2.333    
   8.46410990       1.880       2.618      8.6844E-02   2.531    
   8.38300943       2.932       2.875      0.1479       2.727    
   8.30190897       2.895       3.164      0.2449       2.919    
   8.22080851       4.145       3.499      0.3945       3.105    
   8.13970804       4.359       3.899      0.6183       3.280    
   8.05860758       4.823       4.386      0.9427       3.443    
   7.97750711       5.565       4.989       1.398       3.591    
   7.89640665       6.750       5.737       2.017       3.720    
   7.81530619       7.700       6.659       2.831       3.829    
   7.73420572       8.219       7.779       3.865       3.915    
   7.65310526       8.742       9.109       5.133       3.976    
   7.57200480       10.16       10.64       6.631       4.013    
   7.49090433       11.46       12.36       8.333       4.023    
   7.40980387       12.99       14.19       10.19       4.007    
   7.32870340       15.67       16.08       12.12       3.965    
   7.24760294       17.78       17.91       14.02       3.897    
   7.16650248       19.21       19.58       15.77       3.806    
   7.08540201       21.48       20.96       17.27       3.693    
   7.00430155       22.13       21.95       18.39       3.559    
   6.92320108       22.90       22.46       19.05       3.408    
   6.84210062       22.14       22.44       19.20       3.242    
   6.76100016       21.53       21.88       18.82       3.064    
   6.67989969       21.57       20.82       17.95       2.877    
   6.59879923       20.03       19.33       16.65       2.683    
   6.51769876       18.07       17.51       15.02       2.487    
   6.43659830       14.92       15.48       13.19       2.289    
   6.35549784       12.92       13.35       11.26       2.094    
   6.27439737       11.29       11.26       9.355       1.902    
   6.19329691       8.682       9.276       7.559       1.717    
   6.11219645       7.549       7.482       5.942       1.540    
   6.03109598       6.119       5.916       4.544       1.372    
   5.94999552       4.241       4.594       3.380       1.214    
   5.86889505       3.839       3.513       2.446       1.068    
   5.78779459       3.330       2.654       1.722      0.9325    
   5.70669413       2.574       1.988       1.179      0.8092    
   5.62559366       2.137       1.483      0.7852      0.6977    
   5.54449320       1.575       1.106      0.5088      0.5976    
   5.46339273       1.567      0.8292      0.3207      0.5085    
   5.38229227      0.9900      0.6265      0.1967      0.4298    
   5.30119181      0.5660      0.4783      0.1173      0.3610    
   5.22009134      0.4297      0.3692      6.8063E-02  0.3012    
   5.13899088      0.5243      0.2881      3.8418E-02  0.2496    
   5.05789042      0.5434      0.2267      2.1094E-02  0.2056    
   4.97678995      0.3606      0.1794      1.1267E-02  0.1682    
   4.89568949      0.4661      0.1425      5.8543E-03  0.1367    
   4.81458902      0.2479      0.1133      2.9590E-03  0.1103    
   4.73348856      0.2799      8.9966E-02  1.4549E-03  8.8511E-02
   4.65238810     -7.0570E-02  7.1229E-02  6.9587E-04  7.0533E-02
   4.57128763      0.5561      5.6162E-02  3.2377E-04  5.5839E-02
   4.49018717     -0.2145      4.4063E-02  1.4654E-04  4.3917E-02
   4.40908670     -0.4427      3.4379E-02  6.4521E-05  3.4314E-02
   4.32798624     -6.7690E-02  2.6664E-02  2.7634E-05  2.6636E-02
   4.24688578     -0.4782      2.0552E-02  1.1514E-05  2.0541E-02
   4.16578531     -4.5673E-02  1.5741E-02  4.6665E-06  1.5737E-02
   4.08468485     -0.2337      1.1978E-02   0.000      1.1978E-02
   4.00358438     -0.1190      9.0567E-03   0.000      9.0567E-03
   3.92248392     -0.2796      6.8033E-03   0.000      6.8033E-03
   3.84138346     -0.5330      5.0772E-03   0.000      5.0772E-03
   3.76028299     -0.5294      3.7642E-03   0.000      3.7642E-03
   3.67918253      9.1994E-03  2.7726E-03   0.000      2.7726E-03
   3.59808207      0.2601      2.0288E-03   0.000      2.0288E-03
   3.51698160     -0.2249      1.4748E-03   0.000      1.4748E-03
   3.43588114     -7.1682E-02  1.0651E-03   0.000      1.0651E-03
   3.35478067      0.3429      7.6421E-04   0.000      7.6421E-04
   3.27368021     -5.1098E-02  5.4472E-04   0.000      5.4472E-04
   3.19257975      0.5655      3.8573E-04   0.000      3.8573E-04
   3.11147928     -0.2642      2.7136E-04   0.000      2.7136E-04
   3.03037882     -0.3113      1.8965E-04   0.000      1.8965E-04
   2.94927835      2.0927E-02  1.3168E-04   0.000      1.3168E-04
   2.86817789      0.5578      9.0832E-05   0.000      9.0832E-05
   2.78707743      0.2701      6.2245E-05   0.000      6.2245E-05
   2.70597696     -0.5082      4.2376E-05   0.000      4.2376E-05
   2.62487650     -0.1370      2.8661E-05   0.000      2.8661E-05
   2.54377604      0.1558      1.9258E-05   0.000      1.9258E-05
   2.46267557      0.1272      1.2855E-05   0.000      1.2855E-05
   2.38157511     -9.3099E-02  8.5253E-06   0.000      8.5253E-06
   2.30047464     -0.5492      5.6167E-06   0.000      5.6167E-06
   2.21937418      0.6061      3.6763E-06   0.000      3.6763E-06
   2.13827372      0.5805      2.3905E-06   0.000      2.3905E-06
   2.05717325     -0.1528      1.5442E-06   0.000      1.5442E-06
   1.97607279      -1.009      9.9102E-07   0.000      9.9102E-07
   1.89497232     -0.3288      6.3185E-07   0.000      6.3185E-07
   1.81387186      0.1533       0.000       0.000       0.000    
   1.73277140      0.6538       0.000       0.000       0.000    
   1.65167093     -0.7816       0.000       0.000       0.000    
   1.57057047     -0.4593       0.000       0.000       0.000    
   1.48947001      2.8187E-02   0.000       0.000       0.000    
   1.40836954     -0.5397       0.000       0.000       0.000    
   1.32726908     -0.4272       0.000       0.000       0.000    
   1.24616861     -0.3792       0.000       0.000       0.000    
   1.16506815     -0.4478       0.000       0.000       0.000    
   1.08396769     -4.4806E-02   0.000       0.000       0.000    
   1.00286722      9.6244E-02   0.000       0.000       0.000    
  0.921766758      0.6590       0.000       0.000       0.000    
  0.840666294      0.2928       0.000       0.000       0.000    
  0.759565830     -0.6476       0.000       0.000       0.000    
  0.678465366      0.3256       0.000       0.000       0.000    
  0.597364902      0.1360       0.000       0.000       0.000    
  0.516264439     -0.1859       0.000       0.000       0.000    
  0.435163975     -8.7518E-02   0.000       0.000       0.000    
  0.354063511     -0.7575       0.000       0.000       0.000    
  0.272963047      8.7878E-02   0.000       0.000       0.000    
  0.191862583      1.3570E-02   0.000       0.000       0.000    
  0.110762119      0.3001       0.000       0.000       0.000    
  2.966165543E-02 -0.6674       0.000       0.000       0.000    
 -5.143880844E-02 -0.3951       0.000       0.000       0.000    
 -0.132539272     -0.3933       0.000       0.000       0.000    
 -0.213639736      0.2290       0.000       0.000       0.000    
 -0.294740200      0.7091       0.000       0.000       0.000    
 -0.375840664     -5.2795E-02   0.000       0.000       0.000    
 -0.456941128     -0.5544       0.000       0.000       0.000    
 -0.538041592     -0.3940       0.000       0.000       0.000    
 -0.619142056     -0.4441       0.000       0.000       0.000    
 -0.700242519     -0.5567       0.000       0.000       0.000    
 -0.781342983      0.4639       0.000       0.000       0.000    
 -0.862443447      3.1894E-02   0.000       0.000       0.000    
 -0.943543911      0.4924       0.000       0.000       0.000    
  -1.02464437      0.6177       0.000       0.000       0.000    
  -1.10574484      0.4745       0.000       0.000       0.000    
  -1.18684530     -4.6586E-02   0.000       0.000       0.000    
  -1.26794577      0.2612       0.000       0.000       0.000    
  -1.34904623      0.7639       0.000       0.000       0.000    
  -1.43014669      0.5855       0.000       0.000       0.000    
  -1.51124716      0.4584       0.000       0.000       0.000    
  -1.59234762      0.5673       0.000       0.000       0.000    
  -1.67344809      0.5898       0.000       0.000       0.000    
  -1.75454855      0.6206       0.000       0.000       0.000    
  -1.83564901      0.3850       0.000       0.000       0.000    
  -1.91674948     -0.1365       0.000       0.000       0.000    
  -1.99784994      0.1520       0.000       0.000       0.000    
  -2.07895041      0.2260       0.000       0.000       0.000    
  -2.16005087      0.2008       0.000       0.000       0.000    
  -2.24115133     -0.3617       0.000       0.000       0.000    
  -2.32225180      0.4048       0.000       0.000       0.000    
  -2.40335226      0.5533       0.000       0.000       0.000    
  -2.48445272     -0.4022       0.000       0.000       0.000    
  -2.56555319     -5.2932E-02   0.000       0.000       0.000    
  -2.64665365     -0.6034       0.000       0.000       0.000    
  -2.72775412      0.4262       0.000       0.000       0.000    
  -2.80885458      0.4815       0.000       0.000       0.000    
  -2.88995504      0.1638       0.000       0.000       0.000    
