   17.0296640      0.8702       0.000       0.000    
   16.9440641      0.7092       0.000       0.000    
   16.8584642      0.1107       0.000       0.000    
   16.7728643     -0.3673       0.000       0.000    
   16.6872644     -0.5380       0.000       0.000    
   16.6016645      -1.210       0.000       0.000    
   16.5160646      0.1313       0.000       0.000    
   16.4304647     -0.3032       0.000       0.000    
   16.3448648      0.1926       0.000       0.000    
   16.2592649     -0.2203       0.000       0.000    
   16.1736650     -4.9781E-02   0.000       0.000    
   16.0880651      0.5835       0.000       0.000    
   16.0024652     -2.0676E-03   0.000       0.000    
   15.9168653     -0.1084       0.000       0.000    
   15.8312654     -0.4960       0.000       0.000    
   15.7456656      6.7714E-02   0.000       0.000    
   15.6600657      0.4031       0.000       0.000    
   15.5744658     -0.1413       0.000       0.000    
   15.4888659      0.4931       0.000       0.000    
   15.4032660      0.6394       0.000       0.000    
   15.3176661      3.1560E-02   0.000       0.000    
   15.2320662     -0.1366       0.000       0.000    
   15.1464663     -0.1297       0.000       0.000    
   15.0608664     -7.6119E-02   0.000       0.000    
   14.9752665     -0.1803       0.000       0.000    
   14.8896666       1.012       0.000       0.000    
   14.8040667      0.7671       0.000       0.000    
   14.7184668      2.3769E-02   0.000       0.000    
   14.6328669     -0.7153       0.000       0.000    
   14.5472670      5.3323E-02   0.000       0.000    
   14.4616671     -0.4689       0.000       0.000    
   14.3760672     -0.1418       0.000       0.000    
   14.2904673     -0.2697       0.000       0.000    
   14.2048674      0.3759       0.000       0.000    
   14.1192675     -0.1496       0.000       0.000    
   14.0336676      0.9693       0.000       0.000    
   13.9480677      0.9563       0.000       0.000    
   13.8624678      6.9567E-02   0.000       0.000    
   13.7768679      0.8793       0.000       0.000    
   13.6912680      0.1845       0.000       0.000    
   13.6056681      0.6134       0.000       0.000    
   13.5200682      0.1508       0.000       0.000    
   13.4344683      0.3765       0.000       0.000    
   13.3488684     -0.8686       0.000       0.000    
   13.2632685     -0.3266       0.000       0.000    
   13.1776686      7.2757E-03   0.000       0.000    
   13.0920687      0.2194       0.000       0.000    
   13.0064688     -0.4994       0.000       0.000    
   12.9208689     -0.7514       0.000       0.000    
   12.8352690      8.6967E-02   0.000       0.000    
   12.7496691      0.4890       0.000       0.000    
   12.6640692     -0.7346       0.000       0.000    
   12.5784693     -0.3521       0.000       0.000    
   12.4928694      4.2936E-03   0.000       0.000    
   12.4072695     -0.6688       0.000       0.000    
   12.3216696      0.9450       0.000       0.000    
   12.2360697      0.2105       0.000       0.000    
   12.1504698     -0.7238       0.000       0.000    
   12.0648699     -0.5735       0.000       0.000    
   11.9792700      3.4875E-02   0.000       0.000    
   11.8936701      0.7969       0.000       0.000    
   11.8080702      0.1780       0.000       0.000    
   11.7224703      0.6245       0.000       0.000    
   11.6368704      0.5739       0.000       0.000    
   11.5512705     -0.7118       0.000       0.000    
   11.4656706     -0.2017       0.000       0.000    
   11.3800707      0.9607       0.000       0.000    
   11.2944708     -8.1837E-02   0.000       0.000    
   11.2088709      0.4632      9.1713E-08  9.1713E-08
   11.1232710      2.2434E-02  1.7947E-07  1.7947E-07
   11.0376711      0.1042      3.4600E-07  3.4600E-07
   10.9520712     -0.2934      6.5714E-07  6.5714E-07
   10.8664713     -0.3204      1.2296E-06  1.2296E-06
   10.7808714      1.8597E-02  2.2665E-06  2.2665E-06
   10.6952715     -0.4163      4.1158E-06  4.1158E-06
   10.6096716     -0.2235      7.3634E-06  7.3634E-06
   10.5240717      0.3595      1.2978E-05  1.2978E-05
   10.4384718     -0.5656      2.2534E-05  2.2534E-05
   10.3528719     -0.4440      3.8547E-05  3.8547E-05
   10.2672720     -0.2226      6.4959E-05  6.4959E-05
   10.1816721     -0.5622      1.0785E-04  1.0785E-04
   10.0960722      5.6479E-02  1.7639E-04  1.7639E-04
   10.0104723      0.3051      2.8422E-04  2.8422E-04
   9.92487240      0.1089      4.5117E-04  4.5117E-04
   9.83927250      0.8447      7.0557E-04  7.0557E-04
   9.75367260      0.5249      1.0870E-03  1.0870E-03
   9.66807270     -0.1609      1.6499E-03  1.6499E-03
   9.58247280     -5.1728E-02  2.4671E-03  2.4671E-03
   9.49687290     -0.1100      3.6343E-03  3.6343E-03
   9.41127300     -0.7194      5.2743E-03  5.2743E-03
   9.32567310       1.075      7.5407E-03  7.5407E-03
   9.24007320      0.5370      1.0621E-02  1.0621E-02
   9.15447330      0.5208      1.4738E-02  1.4738E-02
   9.06887341      5.5334E-03  2.0147E-02  2.0147E-02
   8.98327351     -0.9447      2.7133E-02  2.7133E-02
   8.89767361     -4.1182E-02  3.5999E-02  3.5999E-02
   8.81207371     -1.9060E-02  4.7054E-02  4.7054E-02
   8.72647381      0.3853      6.0591E-02  6.0591E-02
   8.64087391      0.3830      7.6865E-02  7.6865E-02
   8.55527401      7.2661E-02  9.6064E-02  9.6064E-02
   8.46967411      0.1706      0.1183      0.1183    
   8.38407421      0.3036      0.1435      0.1435    
   8.29847431     -0.2161      0.1714      0.1714    
   8.21287441      0.2793      0.2018      0.2018    
   8.12727451      0.2469      0.2341      0.2341    
   8.04167461     -0.1270      0.2674      0.2674    
   7.95607471       1.103      0.3010      0.3010    
   7.87047482      0.5367      0.3338      0.3338    
   7.78487492      0.4082      0.3647      0.3647    
   7.69927502      0.3116      0.3925      0.3925    
   7.61367512     -0.2081      0.4162      0.4162    
   7.52807522     -0.1633      0.4347      0.4347    
   7.44247532      0.7416      0.4473      0.4473    
   7.35687542       1.037      0.4535      0.4535    
   7.27127552     -0.6509      0.4529      0.4529    
   7.18567562      9.8101E-02  0.4457      0.4457    
   7.10007572       1.621      0.4320      0.4320    
   7.01447582      0.6758      0.4126      0.4126    
   6.92887592      0.7479      0.3881      0.3881    
   6.84327602      0.1579      0.3597      0.3597    
   6.75767612      0.4762      0.3285      0.3285    
   6.67207623     -7.4415E-03  0.2955      0.2955    
   6.58647633     -0.2081      0.2618      0.2618    
   6.50087643      0.3395      0.2286      0.2286    
   6.41527653      0.5298      0.1966      0.1966    
   6.32967663      0.6904      0.1666      0.1666    
   6.24407673     -9.0680E-02  0.1391      0.1391    
   6.15847683     -0.4529      0.1144      0.1144    
   6.07287693     -0.1434      9.2664E-02  9.2664E-02
   5.98727703     -0.3038      7.3961E-02  7.3961E-02
   5.90167713      0.6851      5.8157E-02  5.8157E-02
   5.81607723     -0.1399      4.5052E-02  4.5052E-02
   5.73047733      0.2500      3.4382E-02  3.4382E-02
   5.64487743     -3.8572E-02  2.5850E-02  2.5850E-02
   5.55927753      0.4080      1.9147E-02  1.9147E-02
   5.47367764     -0.8187      1.3971E-02  1.3971E-02
   5.38807774     -0.3348      1.0044E-02  1.0044E-02
   5.30247784     -3.2876E-02  7.1130E-03  7.1130E-03
   5.21687794      0.9500      4.9627E-03  4.9627E-03
   5.13127804     -0.3874      3.4111E-03  3.4111E-03
   5.04567814     -8.0679E-02  2.3099E-03  2.3099E-03
   4.96007824     -0.9369      1.5409E-03  1.5409E-03
   4.87447834     -0.9803      1.0127E-03  1.0127E-03
   4.78887844     -0.3253      6.5570E-04  6.5570E-04
   4.70327854      0.8341      4.1824E-04  4.1824E-04
   4.61767864     -0.4641      2.6282E-04  2.6282E-04
   4.53207874     -0.5902      1.6271E-04  1.6271E-04
   4.44647884     -0.6913      9.9232E-05  9.9232E-05
   4.36087894     -0.7891      5.9622E-05  5.9622E-05
   4.27527905     -0.8390      3.5292E-05  3.5292E-05
   4.18967915     -0.4947      2.0580E-05  2.0580E-05
   4.10407925     -0.3809      1.1823E-05  1.1823E-05
   4.01847935      0.7591      6.6916E-06  6.6916E-06
   3.93287945      0.3937      3.7310E-06  3.7310E-06
   3.84727955      1.4088E-02  2.0495E-06  2.0495E-06
   3.76167965      0.7090      1.1091E-06  1.1091E-06
   3.67607975     -9.5306E-04  5.9128E-07  5.9128E-07
   3.59047985      0.2537      3.1055E-07  3.1055E-07
   3.50487995      0.8105      1.6068E-07  1.6068E-07
   3.41928005      0.1840      8.1908E-08  8.1908E-08
   3.33368015      9.8417E-02   0.000       0.000    
   3.24808025     -0.2569       0.000       0.000    
   3.16248035      0.3768       0.000       0.000    
   3.07688046     -0.8229       0.000       0.000    
   2.99128056      -1.001       0.000       0.000    
   2.90568066     -0.5540       0.000       0.000    
   2.82008076      0.6943       0.000       0.000    
   2.73448086      0.1455       0.000       0.000    
   2.64888096     -0.1324       0.000       0.000    
   2.56328106      0.1198       0.000       0.000    
   2.47768116      0.6665       0.000       0.000    
   2.39208126     -0.7982       0.000       0.000    
   2.30648136     -2.4702E-02   0.000       0.000    
   2.22088146     -0.7209       0.000       0.000    
   2.13528156     -0.1466       0.000       0.000    
   2.04968166     -0.1547       0.000       0.000    
   1.96408176     -6.8408E-02   0.000       0.000    
   1.87848186      4.5305E-02   0.000       0.000    
   1.79288197     -0.2697       0.000       0.000    
   1.70728207     -0.1506       0.000       0.000    
   1.62168217     -0.3766       0.000       0.000    
   1.53608227     -0.8815       0.000       0.000    
   1.45048237     -0.2410       0.000       0.000    
   1.36488247     -0.2727       0.000       0.000    
   1.27928257     -0.3452       0.000       0.000    
   1.19368267     -0.5761       0.000       0.000    
   1.10808277     -9.9121E-02   0.000       0.000    
   1.02248287      -1.099       0.000       0.000    
  0.936882973     -0.5361       0.000       0.000    
  0.851283073      0.2591       0.000       0.000    
  0.765683174      0.6213       0.000       0.000    
  0.680083275      0.5094       0.000       0.000    
  0.594483376     -0.2320       0.000       0.000    
  0.508883476     -0.2558       0.000       0.000    
  0.423283577      0.5030       0.000       0.000    
  0.337683678      0.1167       0.000       0.000    
  0.252083778      0.6613       0.000       0.000    
  0.166483879     -1.5185E-03   0.000       0.000    
  8.088397980E-02  2.0123E-02   0.000       0.000    
 -4.715919495E-03  0.7575       0.000       0.000    
 -9.031581879E-02  0.3543       0.000       0.000    
 -0.175915718      0.5784       0.000       0.000    
 -0.261515617     -0.2530       0.000       0.000    
 -0.347115517     -0.3161       0.000       0.000    
 -0.432715416      0.5916       0.000       0.000    
 -0.518315315      0.1043       0.000       0.000    
 -0.603915215      0.4393       0.000       0.000    
 -0.689515114      0.2944       0.000       0.000    
 -0.775115013      0.1858       0.000       0.000    
 -0.860714912     -7.3828E-02   0.000       0.000    
 -0.946314812     -0.3503       0.000       0.000    
  -1.03191471      0.3484       0.000       0.000    
  -1.11751461     -7.5430E-02   0.000       0.000    
  -1.20311451     -7.9184E-02   0.000       0.000    
  -1.28871441      6.8403E-02   0.000       0.000    
  -1.37431431     -3.2527E-02   0.000       0.000    
  -1.45991421      0.2811       0.000       0.000    
  -1.54551411     -0.4119       0.000       0.000    
  -1.63111401     -0.2656       0.000       0.000    
  -1.71671391     -0.2010       0.000       0.000    
  -1.80231380     -0.7665       0.000       0.000    
  -1.88791370     -0.4047       0.000       0.000    
  -1.97351360      4.2989E-02   0.000       0.000    
  -2.05911350      0.1457       0.000       0.000    
  -2.14471340     -1.7372E-02   0.000       0.000    
  -2.23031330      0.3348       0.000       0.000    
  -2.31591320     -0.4471       0.000       0.000    
  -2.40151310      0.4701       0.000       0.000    
  -2.48711300      0.8036       0.000       0.000    
  -2.57271290       1.045       0.000       0.000    
  -2.65831280       1.051       0.000       0.000    
  -2.74391270      0.2010       0.000       0.000    
  -2.82951260      -1.071       0.000       0.000    
  -2.91511250     -0.1945       0.000       0.000    
  -3.00071239      0.4405       0.000       0.000    
