   43.9013386      5.9312E-02   0.000       0.000    
   41.3741856     -1.7565E-02   0.000       0.000    
   38.8470325     -0.1666       0.000       0.000    
   36.3198795      0.1187       0.000       0.000    
   33.7927265     -0.1990       0.000       0.000    
   31.2655735     -0.3845       0.000       0.000    
   28.7384205     -8.7549E-02   0.000       0.000    
   26.2112675      0.3105       0.000       0.000    
   23.6841145     -7.4739E-04  6.1063E-07  6.1063E-07
   21.1569614      2.7825E-04  2.6328E-05  2.6328E-05
   18.6298084      3.9467E-02  5.9915E-04  5.9915E-04
   16.1026554     -5.7049E-02  7.1967E-03  7.1967E-03
   13.5755024      0.1242      4.5626E-02  4.5626E-02
   11.0483494      0.1543      0.1527      0.1527    
   8.52119637      0.2015      0.2696      0.2696    
   5.99404335      0.3468      0.2514      0.2514    
   3.46689034      5.1639E-02  0.1237      0.1237    
  0.939737320      2.2896E-02  3.2118E-02  3.2118E-02
  -1.58741570      4.5341E-02  4.4024E-03  4.4024E-03
  -4.11456871      9.0843E-02  3.1850E-04  3.1850E-04
  -6.64172173     -0.2068      1.2162E-05  1.2162E-05
  -9.16887474     -5.2434E-02  2.4512E-07  2.4512E-07
  -11.6960278      0.1458       0.000       0.000    
  -14.2231808     -0.2536       0.000       0.000    
  -16.7503338     -2.3717E-03   0.000       0.000    
  -19.2774868     -3.5745E-02   0.000       0.000    
  -21.8046398      5.2152E-02   0.000       0.000    
  -24.3317928      0.2092       0.000       0.000    
  -26.8589458      0.2250       0.000       0.000    
  -29.3860989      0.2292       0.000       0.000    
  -31.9132519     -0.1688       0.000       0.000    
  -34.4404049      2.7120E-02   0.000       0.000    
