   18.0962076      6.5043E-02   0.000       0.000       0.000    
   18.0151129      0.4205       0.000       0.000       0.000    
   17.9340181     -0.9528       0.000       0.000       0.000    
   17.8529234     -0.7191       0.000       0.000       0.000    
   17.7718287     -0.3064       0.000       0.000       0.000    
   17.6907339      0.4794       0.000       0.000       0.000    
   17.6096392      0.2370       0.000       0.000       0.000    
   17.5285444      0.1883       0.000       0.000       0.000    
   17.4474497     -0.3563       0.000       0.000       0.000    
   17.3663549     -0.9948       0.000       0.000       0.000    
   17.2852602     -0.1072       0.000       0.000       0.000    
   17.2041655      -1.055       0.000       0.000       0.000    
   17.1230707     -0.3867       0.000       0.000       0.000    
   17.0419760      0.1241       0.000       0.000       0.000    
   16.9608812      0.1034       0.000       0.000       0.000    
   16.8797865     -0.2977       0.000       0.000       0.000    
   16.7986917     -0.6315       0.000       0.000       0.000    
   16.7175970     -8.3096E-02   0.000       0.000       0.000    
   16.6365023     -0.5454       0.000       0.000       0.000    
   16.5554075      5.1340E-02   0.000       0.000       0.000    
   16.4743128      0.3598       0.000       0.000       0.000    
   16.3932180     -0.3463       0.000       0.000       0.000    
   16.3121233     -0.4592       0.000       0.000       0.000    
   16.2310286      2.7396E-02   0.000       0.000       0.000    
   16.1499338     -0.6227       0.000       0.000       0.000    
   16.0688391      0.3075       0.000       0.000       0.000    
   15.9877443     -0.5013       0.000       0.000       0.000    
   15.9066496     -0.5489       0.000       0.000       0.000    
   15.8255548     -0.9790       0.000       0.000       0.000    
   15.7444601     -0.6211       0.000       0.000       0.000    
   15.6633654      0.3965       0.000       0.000       0.000    
   15.5822706      6.3420E-02   0.000       0.000       0.000    
   15.5011759      0.3047       0.000       0.000       0.000    
   15.4200811      0.2973       0.000       0.000       0.000    
   15.3389864      3.5891E-02   0.000       0.000       0.000    
   15.2578917      0.1420       0.000       0.000       0.000    
   15.1767969      0.3753       0.000       0.000       0.000    
   15.0957022     -0.2146       0.000       0.000       0.000    
   15.0146074     -0.4809       0.000       0.000       0.000    
   14.9335127     -0.5680       0.000       0.000       0.000    
   14.8524179      -1.649       0.000       0.000       0.000    
   14.7713232      -1.117       0.000       0.000       0.000    
   14.6902285      0.4008       0.000       0.000       0.000    
   14.6091337      0.1799       0.000       0.000       0.000    
   14.5280390     -0.3115       0.000       0.000       0.000    
   14.4469442      0.1574       0.000       0.000       0.000    
   14.3658495     -0.9808       0.000       0.000       0.000    
   14.2847548      0.6687       0.000       0.000       0.000    
   14.2036600     -0.5644       0.000       0.000       0.000    
   14.1225653     -0.4967       0.000       0.000       0.000    
   14.0414705      0.2570       0.000       0.000       0.000    
   13.9603758     -0.1237      5.7874E-06   0.000      5.7874E-06
   13.8792810     -0.3182      8.2385E-06   0.000      8.2385E-06
   13.7981863     -0.6692      1.1681E-05   0.000      1.1681E-05
   13.7170916     -0.1900      1.6497E-05   0.000      1.6497E-05
   13.6359968     -4.7464E-02  2.3206E-05   0.000      2.3206E-05
   13.5549021      0.2055      3.2514E-05   0.000      3.2514E-05
   13.4738073     -0.2239      4.5376E-05   0.000      4.5376E-05
   13.3927126     -0.1968      6.3076E-05   0.000      6.3076E-05
   13.3116179     -0.6447      8.7332E-05   0.000      8.7332E-05
   13.2305231     -0.5529      1.2044E-04   0.000      1.2044E-04
   13.1494284     -0.5961      1.6544E-04   0.000      1.6544E-04
   13.0683336     -0.2848      2.2635E-04   0.000      2.2635E-04
   12.9872389      -1.335      3.0847E-04   0.000      3.0847E-04
   12.9061441     -0.4089      4.1872E-04   0.000      4.1872E-04
   12.8250494     -0.4059      5.6612E-04   0.000      5.6612E-04
   12.7439547     -0.3312      7.6238E-04   0.000      7.6238E-04
   12.6628599     -0.2161      1.0226E-03   0.000      1.0226E-03
   12.5817652     -0.9086      1.3663E-03   0.000      1.3663E-03
   12.5006704      1.5314E-02  1.8182E-03   0.000      1.8182E-03
   12.4195757      0.2043      2.4101E-03   0.000      2.4101E-03
   12.3384809      0.4610      3.1819E-03   0.000      3.1819E-03
   12.2573862      0.1710      4.1843E-03   0.000      4.1843E-03
   12.1762915      0.3145      5.4808E-03   0.000      5.4808E-03
   12.0951967      0.1888      7.1507E-03   0.000      7.1507E-03
   12.0141020      -1.134      9.2923E-03   0.000      9.2923E-03
   11.9330072     -0.5323      1.2028E-02   0.000      1.2028E-02
   11.8519125     -8.4324E-02  1.5507E-02   0.000      1.5507E-02
   11.7708178      0.2688      1.9913E-02   0.000      1.9913E-02
   11.6897230      0.7561      2.5470E-02   0.000      2.5470E-02
   11.6086283      0.5326      3.2449E-02   0.000      3.2449E-02
   11.5275335      0.9435      4.1176E-02   0.000      4.1176E-02
   11.4464388       1.444      5.2045E-02   0.000      5.2045E-02
   11.3653440      0.7340      6.5522E-02   0.000      6.5522E-02
   11.2842493       1.041      8.2163E-02   0.000      8.2163E-02
   11.2031546      0.3262      0.1026       0.000      0.1026    
   11.1220598      0.5453      0.1277       0.000      0.1277    
   11.0409651      0.8033      0.1582       0.000      0.1582    
   10.9598703      0.4766      0.1953       0.000      0.1953    
   10.8787756       1.419      0.2401       0.000      0.2401    
   10.7976809       1.324      0.2939       0.000      0.2939    
   10.7165861       2.685      0.3585       0.000      0.3585    
   10.6354914       2.664      0.4355       0.000      0.4355    
   10.5543966       1.846      0.5270       0.000      0.5270    
   10.4733019       2.572      0.6352       0.000      0.6352    
   10.3922071       2.804      0.7626       0.000      0.7626    
   10.3111124       3.281      0.9118      6.3543E-06  0.9118    
   10.2300177       2.917       1.086      1.4614E-05   1.086    
   10.1489229       3.222       1.288      3.2834E-05   1.288    
   10.0678282       3.473       1.522      7.2067E-05   1.522    
   9.98673344       4.434       1.792      1.5453E-04   1.792    
   9.90563869       4.541       2.101      3.2369E-04   2.100    
   9.82454395       4.469       2.453      6.6239E-04   2.452    
   9.74344921       4.719       2.854      1.3242E-03   2.852    
   9.66235447       5.678       3.307      2.5861E-03   3.304    
   9.58125973       5.799       3.817      4.9341E-03   3.812    
   9.50016499       5.890       4.391      9.1964E-03   4.382    
   9.41907024       6.320       5.033      1.6745E-02   5.016    
   9.33797550       7.134       5.749      2.9786E-02   5.719    
   9.25688076       7.310       6.547      5.1760E-02   6.495    
   9.17578602       7.787       7.435      8.7868E-02   7.347    
   9.09469128       7.535       8.424      0.1457       8.279    
   9.01359653       9.943       9.527      0.2361       9.291    
   8.93250179       9.994       10.76      0.3737       10.39    
   8.85140705       11.25       12.14      0.5778       11.56    
   8.77031231       12.45       13.70      0.8727       12.82    
   8.68921757       12.69       15.45       1.288       14.17    
   8.60812283       15.02       17.44       1.856       15.59    
   8.52702808       17.74       19.70       2.614       17.08    
   8.44593334       20.98       22.24       3.597       18.65    
   8.36483860       23.94       25.11       4.834       20.27    
   8.28374386       27.05       28.30       6.348       21.96    
   8.20264912       31.17       31.82       8.142       23.68    
   8.12155437       36.25       35.65       10.20       25.44    
   8.04045963       40.14       39.72       12.49       27.23    
   7.95936489       44.31       43.96       14.94       29.03    
   7.87827015       49.77       48.27       17.45       30.82    
   7.79717541       53.80       52.50       19.91       32.59    
   7.71608067       57.03       56.53       22.20       34.33    
   7.63498592       61.35       60.20       24.19       36.02    
   7.55389118       64.98       63.37       25.74       37.64    
   7.47279644       65.89       65.93       26.75       39.18    
   7.39170170       66.83       67.78       27.17       40.62    
   7.31060696       67.58       68.90       26.95       41.94    
   7.22951221       67.59       69.26       26.12       43.14    
   7.14841747       67.67       68.93       24.73       44.20    
   7.06732273       66.77       67.98       22.88       45.11    
   6.98622799       66.20       66.52       20.67       45.85    
   6.90513325       64.94       64.66       18.25       46.42    
   6.82403851       63.93       62.54       15.74       46.81    
   6.74294376       61.80       60.27       13.26       47.01    
   6.66184902       58.99       57.94       10.91       47.03    
   6.58075428       55.43       55.64       8.772       46.87    
   6.49965954       53.64       53.41       6.890       46.52    
   6.41856480       51.17       51.28       5.287       45.99    
   6.33747005       49.07       49.25       3.963       45.29    
   6.25637531       47.47       47.32       2.902       44.42    
   6.17528057       46.17       45.47       2.076       43.40    
   6.09418583       43.79       43.68       1.451       42.23    
   6.01309109       42.43       41.92      0.9906       40.93    
   5.93199635       41.55       40.17      0.6607       39.51    
   5.85090160       39.71       38.42      0.4305       37.99    
   5.76980686       37.01       36.66      0.2740       36.39    
   5.68871212       34.86       34.89      0.1704       34.71    
   5.60761738       32.52       33.09      0.1035       32.99    
   5.52652264       30.48       31.28      6.1435E-02   31.22    
   5.44542789       28.78       29.47      3.5618E-02   29.43    
   5.36433315       26.90       27.66      2.0174E-02   27.64    
   5.28323841       24.68       25.86      1.1162E-02   25.85    
   5.20214367       23.51       24.08      6.0336E-03   24.08    
   5.12104893       22.08       22.35      3.1861E-03   22.34    
   5.03995419       19.89       20.65      1.6436E-03   20.65    
   4.95885944       19.18       19.01      8.2831E-04   19.01    
   4.87776470       16.57       17.43      4.0780E-04   17.43    
   4.79666996       15.89       15.92      1.9614E-04   15.92    
   4.71557522       14.33       14.48      9.2156E-05   14.48    
   4.63448048       13.50       13.12      4.2301E-05   13.12    
   4.55338573       11.81       11.84      1.8968E-05   11.84    
   4.47229099       9.889       10.65      8.3093E-06   10.65    
   4.39119625       9.028       9.532      3.5560E-06   9.532    
   4.31010151       8.000       8.501       0.000       8.501    
   4.22900677       7.690       7.551       0.000       7.551    
   4.14791203       7.174       6.681       0.000       6.681    
   4.06681728       6.553       5.888       0.000       5.888    
   3.98572254       5.029       5.169       0.000       5.169    
   3.90462780       4.495       4.519       0.000       4.519    
   3.82353306       4.501       3.936       0.000       3.936    
   3.74243832       4.165       3.414       0.000       3.414    
   3.66134357       3.710       2.950       0.000       2.950    
   3.58024883       2.449       2.539       0.000       2.539    
   3.49915409       2.634       2.176       0.000       2.176    
   3.41805935       2.660       1.858       0.000       1.858    
   3.33696461       2.181       1.580       0.000       1.580    
   3.25586987       1.188       1.338       0.000       1.338    
   3.17477512       1.296       1.129       0.000       1.129    
   3.09368038       1.498      0.9490       0.000      0.9490    
   3.01258564      0.9876      0.7943       0.000      0.7943    
   2.93149090      6.6663E-02  0.6623       0.000      0.6623    
   2.85039616      0.7750      0.5500       0.000      0.5500    
   2.76930141      0.8439      0.4549       0.000      0.4549    
   2.68820667       1.523      0.3748       0.000      0.3748    
   2.60711193      0.9828      0.3076       0.000      0.3076    
   2.52601719      1.7383E-02  0.2514       0.000      0.2514    
   2.44492245       1.093      0.2047       0.000      0.2047    
   2.36382771      0.9821      0.1660       0.000      0.1660    
   2.28273296      0.6841      0.1341       0.000      0.1341    
   2.20163822      0.3895      0.1079       0.000      0.1079    
   2.12054348     -0.1180      8.6435E-02   0.000      8.6435E-02
   2.03944874     -0.6287      6.8991E-02   0.000      6.8991E-02
   1.95835400     -0.1725      5.4849E-02   0.000      5.4849E-02
   1.87725925      0.6075      4.3434E-02   0.000      4.3434E-02
   1.79616451      0.3733      3.4259E-02   0.000      3.4259E-02
   1.71506977      0.2536      2.6914E-02   0.000      2.6914E-02
   1.63397503     -0.1322      2.1061E-02   0.000      2.1061E-02
   1.55288029     -0.4009      1.6416E-02   0.000      1.6416E-02
   1.47178555      0.6849      1.2744E-02   0.000      1.2744E-02
   1.39069080      0.9401      9.8547E-03   0.000      9.8547E-03
   1.30959606      0.7189      7.5903E-03   0.000      7.5903E-03
   1.22850132      0.4722      5.8230E-03   0.000      5.8230E-03
   1.14740658      0.8739      4.4496E-03   0.000      4.4496E-03
   1.06631184     -0.5757      3.3866E-03   0.000      3.3866E-03
  0.985217094     -9.3247E-02  2.5674E-03   0.000      2.5674E-03
  0.904122353      9.0763E-02  1.9387E-03   0.000      1.9387E-03
  0.823027611     -0.4876      1.4581E-03   0.000      1.4581E-03
  0.741932869      0.5588      1.0923E-03   0.000      1.0923E-03
  0.660838127      0.8181      8.1508E-04   0.000      8.1508E-04
  0.579743385      0.4386      6.0579E-04   0.000      6.0579E-04
  0.498648643      0.1314      4.4846E-04   0.000      4.4846E-04
  0.417553902      0.4087      3.3068E-04   0.000      3.3068E-04
  0.336459160      3.0818E-02  2.4287E-04   0.000      2.4287E-04
  0.255364418      0.8695      1.7767E-04   0.000      1.7767E-04
  0.174269676      0.7791      1.2946E-04   0.000      1.2946E-04
  9.317493439E-02  0.1521      9.3957E-05   0.000      9.3957E-05
  1.208019257E-02  0.1854      6.7921E-05   0.000      6.7921E-05
 -6.901454926E-02 -0.1137      4.8906E-05   0.000      4.8906E-05
 -0.150109291     -6.0690E-02  3.5075E-05   0.000      3.5075E-05
 -0.231204033     -0.1362      2.5056E-05   0.000      2.5056E-05
 -0.312298775     -0.1846      1.7828E-05   0.000      1.7828E-05
 -0.393393517     -0.4523      1.2635E-05   0.000      1.2635E-05
 -0.474488258     -0.3369      8.9193E-06   0.000      8.9193E-06
 -0.555583000      0.4257      6.2713E-06   0.000      6.2713E-06
 -0.636677742      0.9493       0.000       0.000       0.000    
 -0.717772484      0.9832       0.000       0.000       0.000    
 -0.798867226      0.5531       0.000       0.000       0.000    
 -0.879961967      0.3897       0.000       0.000       0.000    
 -0.961056709      0.5345       0.000       0.000       0.000    
  -1.04215145     -0.2011       0.000       0.000       0.000    
  -1.12324619      0.8316       0.000       0.000       0.000    
  -1.20434093      0.3829       0.000       0.000       0.000    
  -1.28543568     -0.2688       0.000       0.000       0.000    
  -1.36653042     -0.1550       0.000       0.000       0.000    
  -1.44762516      0.2959       0.000       0.000       0.000    
  -1.52871990      0.3423       0.000       0.000       0.000    
  -1.60981464      0.5677       0.000       0.000       0.000    
  -1.69090939       1.025       0.000       0.000       0.000    
  -1.77200413      0.6603       0.000       0.000       0.000    
  -1.85309887      0.5754       0.000       0.000       0.000    
  -1.93419361      0.3823       0.000       0.000       0.000    
