   15.3331451      0.1437      1.4865E-05   0.000      1.4865E-05
   15.2475491     -0.3353      1.9817E-05   0.000      1.9817E-05
   15.1619530     -0.1600      2.6319E-05   0.000      2.6319E-05
   15.0763569      0.4819      3.4822E-05   0.000      3.4822E-05
   14.9907608     -0.3168      4.5900E-05   0.000      4.5900E-05
   14.9051647     -0.1183      6.0272E-05   0.000      6.0272E-05
   14.8195686      9.7247E-02  7.8846E-05   0.000      7.8846E-05
   14.7339725     -0.4927      1.0276E-04   0.000      1.0276E-04
   14.6483765     -0.4521      1.3341E-04   0.000      1.3341E-04
   14.5627804     -0.4732      1.7255E-04   0.000      1.7255E-04
   14.4771843      6.2897E-02  2.2234E-04   0.000      2.2234E-04
   14.3915882      0.3426      2.8541E-04   0.000      2.8541E-04
   14.3059921     -0.4389      3.6499E-04   0.000      3.6499E-04
   14.2203960     -0.1501      4.6500E-04   0.000      4.6500E-04
   14.1348000     -0.3561      5.9017E-04   0.000      5.9017E-04
   14.0492039     -9.0602E-02  7.4621E-04   0.000      7.4621E-04
   13.9636078     -0.5567      9.3994E-04   0.000      9.3994E-04
   13.8780117     -0.7384      1.1795E-03   0.000      1.1795E-03
   13.7924156      0.3874      1.4745E-03   0.000      1.4745E-03
   13.7068195      0.6294      1.8364E-03   0.000      1.8364E-03
   13.6212234      0.2004      2.2785E-03   0.000      2.2785E-03
   13.5356274      -1.006      2.8163E-03   0.000      2.8163E-03
   13.4500313      0.1396      3.4679E-03   0.000      3.4679E-03
   13.3644352      0.3112      4.2541E-03   0.000      4.2541E-03
   13.2788391      0.9408      5.1989E-03   0.000      5.1989E-03
   13.1932430     -0.3795      6.3295E-03   0.000      6.3295E-03
   13.1076469      0.3093      7.6769E-03   0.000      7.6769E-03
   13.0220509     -0.3589      9.2760E-03   0.000      9.2760E-03
   12.9364548     -0.6993      1.1166E-02   0.000      1.1166E-02
   12.8508587      4.6469E-02  1.3390E-02   0.000      1.3390E-02
   12.7652626      0.1124      1.5997E-02   0.000      1.5997E-02
   12.6796665      0.7730      1.9039E-02   0.000      1.9039E-02
   12.5940704      0.1701      2.2574E-02   0.000      2.2574E-02
   12.5084743      0.1202      2.6664E-02   0.000      2.6664E-02
   12.4228783     -0.5031      3.1376E-02   0.000      3.1376E-02
   12.3372822     -0.6626      3.6782E-02   0.000      3.6782E-02
   12.2516861     -0.2853      4.2957E-02   0.000      4.2957E-02
   12.1660900     -0.2051      4.9979E-02   0.000      4.9979E-02
   12.0804939     -0.6967      5.7929E-02   0.000      5.7929E-02
   11.9948978      0.8605      6.6890E-02   0.000      6.6890E-02
   11.9093018     -8.2572E-02  7.6946E-02   0.000      7.6946E-02
   11.8237057     -0.2282      8.8180E-02   0.000      8.8180E-02
   11.7381096     -0.1989      0.1007       0.000      0.1007    
   11.6525135     -7.2622E-02  0.1145       0.000      0.1145    
   11.5669174      8.6205E-02  0.1297       0.000      0.1297    
   11.4813213      5.8315E-02  0.1464       0.000      0.1464    
   11.3957253      0.2464      0.1647       0.000      0.1647    
   11.3101292      0.7191      0.1845       0.000      0.1845    
   11.2245331      0.2943      0.2059      2.5057E-07  0.2059    
   11.1389370     -0.4813      0.2289      3.5541E-07  0.2289    
   11.0533409       1.062      0.2536      5.0215E-07  0.2536    
   10.9677448     -0.1285      0.2798      7.0672E-07  0.2798    
   10.8821487     -3.7862E-02  0.3076      9.9076E-07  0.3076    
   10.7965527      0.6294      0.3369      1.3836E-06  0.3369    
   10.7109566     -0.2203      0.3675      1.9246E-06  0.3675    
   10.6253605      0.5362      0.3995      2.6667E-06  0.3995    
   10.5397644      0.7997      0.4325      3.6807E-06  0.4325    
   10.4541683      0.6716      0.4666      5.0604E-06  0.4666    
   10.3685722     -0.4091      0.5014      6.9303E-06  0.5014    
   10.2829762      1.5917E-02  0.5368      9.4542E-06  0.5368    
   10.1973801      0.3848      0.5725      1.2847E-05  0.5725    
   10.1117840      0.6382      0.6083      1.7390E-05  0.6083    
   10.0261879       1.547      0.6439      2.3447E-05  0.6439    
   9.94059181       1.142      0.6790      3.1491E-05  0.6790    
   9.85499573      6.8177E-02  0.7133      4.2131E-05  0.7133    
   9.76939964       1.237      0.7466      5.6145E-05  0.7465    
   9.68380356       1.260      0.7784      7.4531E-05  0.7783    
   9.59820747       1.339      0.8085      9.8552E-05  0.8084    
   9.51261139       1.488      0.8367      1.2981E-04  0.8365    
   9.42701530      0.5801      0.8625      1.7031E-04  0.8623    
   9.34141922      0.4393      0.8858      2.2259E-04  0.8856    
   9.25582314      0.8148      0.9063      2.8978E-04  0.9060    
   9.17022705      0.8181      0.9238      3.7578E-04  0.9234    
   9.08463097       2.209      0.9381      4.8541E-04  0.9376    
   8.99903488      0.4106      0.9491      6.2458E-04  0.9485    
   8.91343880      0.1767      0.9566      8.0053E-04  0.9558    
   8.82784271      0.6507      0.9606      1.0221E-03  0.9595    
   8.74224663       1.591      0.9610      1.2998E-03  0.9597    
   8.65665054      0.3601      0.9578      1.6466E-03  0.9562    
   8.57105446      0.4722      0.9512      2.0778E-03  0.9491    
   8.48545837       1.027      0.9411      2.6118E-03  0.9385    
   8.39986229      0.8286      0.9278      3.2702E-03  0.9245    
   8.31426620       1.624      0.9114      4.0786E-03  0.9073    
   8.22867012      0.4506      0.8922      5.0671E-03  0.8871    
   8.14307404      0.8403      0.8703      6.2706E-03  0.8640    
   8.05747795      0.9969      0.8461      7.7299E-03  0.8384    
   7.97188187      8.1737E-02  0.8200      9.4917E-03  0.8105    
   7.88628578      0.6057      0.7921      1.1610E-02  0.7805    
   7.80068970       1.063      0.7629      1.4145E-02  0.7488    
   7.71509361       2.229      0.7328      1.7167E-02  0.7157    
   7.62949753      0.4762      0.7022      2.0754E-02  0.6814    
   7.54390144      6.9685E-02  0.6714      2.4992E-02  0.6464    
   7.45830536      0.7787      0.6408      2.9979E-02  0.6108    
   7.37270927      0.7839      0.6108      3.5821E-02  0.5750    
   7.28711319      0.3868      0.5819      4.2635E-02  0.5393    
   7.20151711     -0.2884      0.5544      5.0548E-02  0.5039    
   7.11592102      0.5397      0.5287      5.9696E-02  0.4690    
   7.03032494      0.5651      0.5051      7.0225E-02  0.4349    
   6.94472885      0.7306      0.4840      8.2291E-02  0.4017    
   6.85913277      6.1748E-02  0.4658      9.6054E-02  0.3697    
   6.77353668      0.4509      0.4506      0.1117      0.3390    
   6.68794060      0.8790      0.4389      0.1294      0.3096    
   6.60234451      9.2874E-02  0.4309      0.1492      0.2817    
   6.51674843      0.4538      0.4268      0.1715      0.2554    
   6.43115234      0.7071      0.4269      0.1963      0.2306    
   6.34555626      0.8601      0.4313      0.2239      0.2075    
   6.25996017      0.4814      0.4402      0.2543      0.1859    
   6.17436409     -0.2436      0.4537      0.2877      0.1660    
   6.08876801      0.1702      0.4719      0.3242      0.1477    
   6.00317192       1.156      0.4948      0.3640      0.1309    
   5.91757584      0.7400      0.5225      0.4070      0.1155    
   5.83197975       1.440      0.5550      0.4534      0.1016    
   5.74638367      0.5479      0.5921      0.5031      8.9010E-02
   5.66078758      0.7809      0.6337      0.5560      7.7691E-02
   5.57519150      0.7384      0.6797      0.6122      6.7556E-02
   5.48959541       1.206      0.7299      0.6713      5.8521E-02
   5.40399933      0.1650      0.7839      0.7334      5.0503E-02
   5.31840324       1.394      0.8415      0.7981      4.3419E-02
   5.23280716       1.501      0.9022      0.8650      3.7188E-02
   5.14721107      0.8978      0.9657      0.9340      3.1730E-02
   5.06161499       1.344       1.032       1.005      2.6972E-02
   4.97601891       1.326       1.099       1.076      2.2840E-02
   4.89042282       1.255       1.168       1.148      1.9269E-02
   4.80482674       1.509       1.237       1.221      1.6194E-02
   4.71923065      0.6792       1.306       1.293      1.3559E-02
   4.63363457      0.6982       1.375       1.364      1.1310E-02
   4.54803848      0.2078       1.442       1.433      9.3980E-03
   4.46244240       1.077       1.507       1.499      7.7799E-03
   4.37684631      0.8588       1.569       1.563      6.4161E-03
   4.29125023       1.750       1.628       1.623      5.2714E-03
   4.20565414       2.181       1.683       1.679      4.3146E-03
   4.12005806       1.978       1.734       1.730      3.5181E-03
   4.03446198       1.639       1.778       1.776      2.8578E-03
   3.94886589       1.889       1.818       1.815      2.3127E-03
   3.86326981       2.207       1.851       1.849      1.8645E-03
   3.77767372       1.992       1.877       1.875      1.4975E-03
   3.69207764       2.356       1.896       1.895      1.1982E-03
   3.60648155      0.4743       1.909       1.908      9.5507E-04
   3.52088547       1.847       1.913       1.913      7.5842E-04
   3.43528938       1.872       1.911       1.910      5.9999E-04
   3.34969330       1.411       1.901       1.900      4.7286E-04
   3.26409721       2.173       1.884       1.883      3.7126E-04
   3.17850113       2.659       1.859       1.859      2.9039E-04
   3.09290504       2.753       1.828       1.828      2.2628E-04
   3.00730896       1.938       1.791       1.791      1.7565E-04
   2.92171288       1.715       1.747       1.747      1.3584E-04
   2.83611679       1.341       1.698       1.698      1.0466E-04
   2.75052071       2.103       1.644       1.644      8.0327E-05
   2.66492462       1.693       1.585       1.585      6.1420E-05
   2.57932854       1.981       1.523       1.523      4.6786E-05
   2.49373245       1.120       1.457       1.457      3.5505E-05
   2.40813637       1.356       1.389       1.389      2.6841E-05
   2.32254028       1.653       1.318       1.318      2.0216E-05
   2.23694420       1.892       1.247       1.247      1.5168E-05
   2.15134811       1.004       1.174       1.174      1.1338E-05
   2.06575203     -6.1497E-02   1.102       1.102      8.4425E-06
   1.98015594       1.307       1.030       1.030      6.2630E-06
   1.89455986       1.740      0.9591      0.9591      4.6286E-06
   1.80896378      0.2948      0.8895      0.8895      3.4078E-06
   1.72336769      0.3288      0.8218      0.8218      2.4995E-06
   1.63777161      4.7543E-02  0.7563      0.7563      1.8264E-06
   1.55217552      0.3402      0.6933      0.6933      1.3295E-06
   1.46657944      0.9668      0.6330      0.6330      9.6418E-07
   1.38098335       1.026      0.5758      0.5758      6.9658E-07
   1.29538727     -0.2071      0.5217      0.5217      5.0135E-07
   1.20979118       1.011      0.4708      0.4708      3.5948E-07
   1.12419510      0.1861      0.4232      0.4232      2.5678E-07
   1.03859901      0.2628      0.3790      0.3790      1.8273E-07
  0.953002930      0.6037      0.3381      0.3381      1.2954E-07
  0.867406845      0.1535      0.3004      0.3004       0.000    
  0.781810760     -0.2704      0.2659      0.2659       0.000    
  0.696214676      0.5178      0.2344      0.2344       0.000    
  0.610618591      0.4030      0.2059      0.2059       0.000    
  0.525022507      9.3818E-02  0.1801      0.1801       0.000    
  0.439426422     -0.2735      0.1569      0.1569       0.000    
  0.353830338      0.5233      0.1362      0.1362       0.000    
  0.268234253     -0.3739      0.1178      0.1178       0.000    
  0.182638168     -7.3809E-02  0.1014      0.1014       0.000    
  9.704208374E-02  0.7132      8.7019E-02  8.7019E-02   0.000    
  1.144599915E-02  0.2042      7.4364E-02  7.4364E-02   0.000    
 -7.415008545E-02 -0.4696      6.3302E-02  6.3302E-02   0.000    
 -0.159746170      0.7376      5.3676E-02  5.3676E-02   0.000    
 -0.245342255     -0.6177      4.5337E-02  4.5337E-02   0.000    
 -0.330938339      0.8634      3.8144E-02  3.8144E-02   0.000    
 -0.416534424      0.6146      3.1968E-02  3.1968E-02   0.000    
 -0.502130508     -4.0981E-02  2.6688E-02  2.6688E-02   0.000    
 -0.587726593     -0.6230      2.2193E-02  2.2193E-02   0.000    
 -0.673322678      0.2918      1.8383E-02  1.8383E-02   0.000    
 -0.758918762     -0.2472      1.5168E-02  1.5168E-02   0.000    
 -0.844514847     -0.2846      1.2467E-02  1.2467E-02   0.000    
 -0.930110931     -0.1138      1.0207E-02  1.0207E-02   0.000    
  -1.01570702     -0.4528      8.3238E-03  8.3238E-03   0.000    
  -1.10130310      0.5330      6.7618E-03  6.7618E-03   0.000    
  -1.18689919     -0.6116      5.4716E-03  5.4716E-03   0.000    
  -1.27249527      0.9881      4.4104E-03  4.4104E-03   0.000    
  -1.35809135      0.2317      3.5411E-03  3.5411E-03   0.000    
  -1.44368744     -0.7253      2.8321E-03  2.8321E-03   0.000    
  -1.52928352     -0.2694      2.2563E-03  2.2563E-03   0.000    
  -1.61487961     -0.5914      1.7905E-03  1.7905E-03   0.000    
  -1.70047569      0.4859      1.4154E-03  1.4154E-03   0.000    
  -1.78607178     -0.5609      1.1145E-03  1.1145E-03   0.000    
  -1.87166786     -1.1332E-02  8.7415E-04  8.7415E-04   0.000    
  -1.95726395     -0.1116      6.8298E-04  6.8298E-04   0.000    
  -2.04286003     -1.8082E-03  5.3153E-04  5.3153E-04   0.000    
  -2.12845612     -0.9000      4.1206E-04  4.1206E-04   0.000    
  -2.21405220     -0.4294      3.1820E-04  3.1820E-04   0.000    
  -2.29964828      0.5693      2.4476E-04  2.4476E-04   0.000    
  -2.38524437     -0.1175      1.8754E-04  1.8754E-04   0.000    
  -2.47084045      0.6036      1.4314E-04  1.4314E-04   0.000    
  -2.55643654      0.4962      1.0883E-04  1.0883E-04   0.000    
  -2.64203262     -9.9111E-02  8.2415E-05  8.2415E-05   0.000    
  -2.72762871      0.7317      6.2171E-05  6.2171E-05   0.000    
  -2.81322479     -0.3096      4.6717E-05  4.6717E-05   0.000    
  -2.89882088      -1.093      3.4968E-05  3.4968E-05   0.000    
  -2.98441696     -0.6825      2.6072E-05  2.6072E-05   0.000    
  -3.07001305     -0.3290      1.9364E-05  1.9364E-05   0.000    
  -3.15560913     -0.3907      1.4326E-05  1.4326E-05   0.000    
  -3.24120522     -0.3789      1.0557E-05  1.0557E-05   0.000    
  -3.32680130      0.4259      7.7494E-06  7.7494E-06   0.000    
  -3.41239738     -2.4552E-02  5.6665E-06  5.6665E-06   0.000    
  -3.49799347      0.4173      4.1273E-06  4.1273E-06   0.000    
  -3.58358955      9.0444E-02  2.9944E-06  2.9944E-06   0.000    
  -3.66918564      0.5655      2.1641E-06  2.1641E-06   0.000    
  -3.75478172      0.1028      1.5579E-06  1.5579E-06   0.000    
  -3.84037781     -0.7179      1.1172E-06  1.1172E-06   0.000    
  -3.92597389     -0.1177      7.9802E-07  7.9802E-07   0.000    
  -4.01156998     -0.1513      5.6781E-07  5.6781E-07   0.000    
  -4.09716606     -0.4427      4.0244E-07  4.0244E-07   0.000    
  -4.18276215      0.4825      2.8413E-07  2.8413E-07   0.000    
  -4.26835823      0.5813       0.000       0.000       0.000    
  -4.35395432       1.025       0.000       0.000       0.000    
  -4.43955040     -0.1948       0.000       0.000       0.000    
  -4.52514648      0.4360       0.000       0.000       0.000    
  -4.61074257      0.3628       0.000       0.000       0.000    
  -4.69633865     -0.1585       0.000       0.000       0.000    
