   18.0230474      0.2620       0.000       0.000    
   17.9419470     -0.7299       0.000       0.000    
   17.8608465     -0.3540       0.000       0.000    
   17.7797461     -0.2156       0.000       0.000    
   17.6986456     -0.4272       0.000       0.000    
   17.6175451     -0.1940       0.000       0.000    
   17.5364447     -0.4771       0.000       0.000    
   17.4553442     -0.7641       0.000       0.000    
   17.3742437     -0.3186       0.000       0.000    
   17.2931433     -0.1987       0.000       0.000    
   17.2120428     -0.6066      3.8592E-06  3.8592E-06
   17.1309423     -1.4975E-02  5.1698E-06  5.1698E-06
   17.0498419     -0.7366      6.9068E-06  6.9068E-06
   16.9687414     -0.4412      9.2026E-06  9.2026E-06
   16.8876410     -0.2171      1.2228E-05  1.2228E-05
   16.8065405     -0.4263      1.6205E-05  1.6205E-05
   16.7254400      -1.121      2.1418E-05  2.1418E-05
   16.6443396     -0.5146      2.8230E-05  2.8230E-05
   16.5632391      -1.008      3.7109E-05  3.7109E-05
   16.4821386     -0.9646      4.8650E-05  4.8650E-05
   16.4010382     -0.9621      6.3607E-05  6.3607E-05
   16.3199377     -0.7947      8.2938E-05  8.2938E-05
   16.2388372      0.1176      1.0785E-04  1.0785E-04
   16.1577368     -4.5215E-02  1.3987E-04  1.3987E-04
   16.0766363     -0.5373      1.8091E-04  1.8091E-04
   15.9955359      0.1015      2.3336E-04  2.3336E-04
   15.9144354     -0.7346      3.0020E-04  3.0020E-04
   15.8333349     -0.2423      3.8515E-04  3.8515E-04
   15.7522345     -0.3182      4.9280E-04  4.9280E-04
   15.6711340      -1.332      6.2884E-04  6.2884E-04
   15.5900335     -0.2553      8.0026E-04  8.0026E-04
   15.5089331      4.8326E-02  1.0157E-03  1.0157E-03
   15.4278326     -0.3332      1.2856E-03  1.2856E-03
   15.3467321      -1.240      1.6229E-03  1.6229E-03
   15.2656317     -0.2975      2.0431E-03  2.0431E-03
   15.1845312      0.1682      2.5652E-03  2.5652E-03
   15.1034307      3.3931E-02  3.2120E-03  3.2120E-03
   15.0223303     -0.2902      4.0111E-03  4.0111E-03
   14.9412298     -1.1694E-02  4.9954E-03  4.9954E-03
   14.8601294      6.7913E-02  6.2046E-03  6.2046E-03
   14.7790289      0.5794      7.6856E-03  7.6856E-03
   14.6979284      8.3226E-02  9.4945E-03  9.4945E-03
   14.6168280     -0.7996      1.1698E-02  1.1698E-02
   14.5357275     -0.2579      1.4373E-02  1.4373E-02
   14.4546270     -0.4041      1.7612E-02  1.7612E-02
   14.3735266     -0.4109      2.1524E-02  2.1524E-02
   14.2924261     -0.5881      2.6233E-02  2.6233E-02
   14.2113256     -0.2483      3.1887E-02  3.1887E-02
   14.1302252      0.2043      3.8654E-02  3.8654E-02
   14.0491247     -8.4395E-02  4.6731E-02  4.6731E-02
   13.9680243      0.2633      5.6343E-02  5.6343E-02
   13.8869238      0.3884      6.7750E-02  6.7750E-02
   13.8058233      0.2092      8.1246E-02  8.1246E-02
   13.7247229     -0.1947      9.7168E-02  9.7168E-02
   13.6436224      0.7726      0.1159      0.1159    
   13.5625219      0.3566      0.1379      0.1379    
   13.4814215     -8.0956E-03  0.1635      0.1635    
   13.4003210     -0.4478      0.1935      0.1935    
   13.3192205     -0.2477      0.2283      0.2283    
   13.2381201     -0.3461      0.2687      0.2687    
   13.1570196      0.4419      0.3153      0.3153    
   13.0759192      0.3666      0.3690      0.3690    
   12.9948187     -3.1496E-02  0.4307      0.4307    
   12.9137182      0.3740      0.5014      0.5014    
   12.8326178      0.5482      0.5822      0.5822    
   12.7515173     -0.3958      0.6740      0.6740    
   12.6704168      0.6155      0.7783      0.7783    
   12.5893164      0.8235      0.8963      0.8963    
   12.5082159      0.5340       1.029       1.029    
   12.4271154      0.6269       1.179       1.179    
   12.3460150       1.011       1.347       1.347    
   12.2649145      0.1618       1.534       1.534    
   12.1838140     -0.1580       1.743       1.743    
   12.1027136      0.3924       1.975       1.975    
   12.0216131      0.9369       2.232       2.232    
   11.9405127       1.776       2.516       2.516    
   11.8594122       1.515       2.827       2.827    
   11.7783117       2.086       3.169       3.169    
   11.6972113       2.204       3.543       3.543    
   11.6161108       2.598       3.950       3.950    
   11.5350103       3.497       4.392       4.392    
   11.4539099       3.554       4.870       4.870    
   11.3728094       3.579       5.385       5.385    
   11.2917089       5.529       5.940       5.940    
   11.2106085       6.137       6.533       6.533    
   11.1295080       6.441       7.167       7.167    
   11.0484076       6.793       7.840       7.840    
   10.9673071       7.986       8.554       8.554    
   10.8862066       8.801       9.308       9.308    
   10.8051062       9.511       10.10       10.10    
   10.7240057       10.04       10.93       10.93    
   10.6429052       11.06       11.80       11.80    
   10.5618048       11.81       12.70       12.70    
   10.4807043       12.94       13.63       13.63    
   10.3996038       14.24       14.60       14.60    
   10.3185034       13.78       15.58       15.58    
   10.2374029       15.36       16.60       16.60    
   10.1563025       16.52       17.62       17.62    
   10.0752020       17.59       18.67       18.67    
   9.99410152       19.19       19.72       19.72    
   9.91300106       20.70       20.77       20.77    
   9.83190060       22.21       21.82       21.82    
   9.75080013       24.60       22.86       22.86    
   9.66969967       26.63       23.89       23.89    
   9.58859921       28.06       24.89       24.89    
   9.50749874       28.96       25.87       25.87    
   9.42639828       30.52       26.81       26.81    
   9.34529781       31.50       27.72       27.72    
   9.26419735       32.23       28.57       28.57    
   9.18309689       32.49       29.38       29.38    
   9.10199642       33.93       30.12       30.12    
   9.02089596       33.90       30.80       30.80    
   8.93979549       34.21       31.41       31.41    
   8.85869503       32.33       31.95       31.95    
   8.77759457       32.62       32.41       32.41    
   8.69649410       31.71       32.78       32.78    
   8.61539364       30.73       33.07       33.07    
   8.53429317       30.16       33.28       33.28    
   8.45319271       30.15       33.39       33.39    
   8.37209225       28.51       33.41       33.41    
   8.29099178       29.14       33.35       33.35    
   8.20989132       28.67       33.19       33.19    
   8.12879086       28.71       32.95       32.95    
   8.04769039       28.54       32.62       32.62    
   7.96658993       29.56       32.20       32.20    
   7.88548946       29.56       31.71       31.71    
   7.80438900       29.52       31.14       31.14    
   7.72328854       30.20       30.49       30.49    
   7.64218807       30.85       29.78       29.78    
   7.56108761       30.28       29.01       29.01    
   7.47998714       30.52       28.18       28.18    
   7.39888668       29.32       27.30       27.30    
   7.31778622       29.70       26.38       26.38    
   7.23668575       28.68       25.42       25.42    
   7.15558529       27.96       24.43       24.43    
   7.07448483       26.39       23.41       23.41    
   6.99338436       23.93       22.38       22.38    
   6.91228390       21.47       21.33       21.33    
   6.83118343       20.50       20.28       20.28    
   6.75008297       19.40       19.23       19.23    
   6.66898251       18.15       18.18       18.18    
   6.58788204       16.04       17.14       17.14    
   6.50678158       15.45       16.12       16.12    
   6.42568111       14.19       15.12       15.12    
   6.34458065       13.55       14.14       14.14    
   6.26348019       12.54       13.20       13.20    
   6.18237972       11.57       12.28       12.28    
   6.10127926       10.60       11.39       11.39    
   6.02017879       10.63       10.54       10.54    
   5.93907833       9.443       9.727       9.727    
   5.85797787       9.194       8.952       8.952    
   5.77687740       8.381       8.217       8.217    
   5.69577694       7.552       7.522       7.522    
   5.61467648       6.654       6.867       6.867    
   5.53357601       6.769       6.252       6.252    
   5.45247555       6.153       5.677       5.677    
   5.37137508       6.518       5.141       5.141    
   5.29027462       5.732       4.643       4.643    
   5.20917416       4.843       4.182       4.182    
   5.12807369       4.262       3.756       3.756    
   5.04697323       4.141       3.365       3.365    
   4.96587276       3.435       3.006       3.006    
   4.88477230       1.885       2.679       2.679    
   4.80367184       2.005       2.380       2.380    
   4.72257137       1.742       2.109       2.109    
   4.64147091       2.163       1.864       1.864    
   4.56037045       1.774       1.643       1.643    
   4.47926998       1.514       1.445       1.445    
   4.39816952       1.679       1.266       1.266    
   4.31706905       1.721       1.107       1.107    
   4.23596859      0.4707      0.9655      0.9655    
   4.15486813      0.5629      0.8396      0.8396    
   4.07376766     -0.2091      0.7282      0.7282    
   3.99266720     -0.2472      0.6298      0.6298    
   3.91156673     -0.1462      0.5433      0.5433    
   3.83046627       1.100      0.4674      0.4674    
   3.74936581      0.6112      0.4010      0.4010    
   3.66826534      0.3711      0.3431      0.3431    
   3.58716488     -5.3902E-02  0.2928      0.2928    
   3.50606441      0.1721      0.2492      0.2492    
   3.42496395      0.6659      0.2115      0.2115    
   3.34386349      0.8078      0.1790      0.1790    
   3.26276302      9.8944E-02  0.1511      0.1511    
   3.18166256      0.3177      0.1272      0.1272    
   3.10056210      0.3519      0.1068      0.1068    
   3.01946163      0.4234      8.9433E-02  8.9433E-02
   2.93836117       1.118      7.4684E-02  7.4684E-02
   2.85726070      0.4644      6.2200E-02  6.2200E-02
   2.77616024      0.2937      5.1663E-02  5.1663E-02
   2.69505978     -1.9179E-02  4.2795E-02  4.2795E-02
   2.61395931      0.8557      3.5354E-02  3.5354E-02
   2.53285885      0.3857      2.9128E-02  2.9128E-02
   2.45175838     -0.6438      2.3933E-02  2.3933E-02
   2.37065792      0.3468      1.9612E-02  1.9612E-02
   2.28955746     -6.0417E-03  1.6028E-02  1.6028E-02
   2.20845699      4.4374E-02  1.3063E-02  1.3063E-02
   2.12735653     -0.4265      1.0619E-02  1.0619E-02
   2.04625607     -0.9115      8.6079E-03  8.6079E-03
   1.96515560     -0.7803      6.9592E-03  6.9592E-03
   1.88405514      0.2633      5.6111E-03  5.6111E-03
   1.80295467      0.2787      4.5119E-03  4.5119E-03
   1.72185421     -0.1860      3.6183E-03  3.6183E-03
   1.64075375      0.2546      2.8938E-03  2.8938E-03
   1.55965328      8.0933E-02  2.3082E-03  2.3082E-03
   1.47855282     -0.5226      1.8361E-03  1.8361E-03
   1.39745235     -0.6206      1.4566E-03  1.4566E-03
   1.31635189      1.7903E-02  1.1524E-03  1.1524E-03
   1.23525143      0.4899      9.0933E-04  9.0933E-04
   1.15415096      0.2969      7.1557E-04  7.1557E-04
   1.07305050     -0.1995      5.6158E-04  5.6158E-04
  0.991950035      0.7126      4.3954E-04  4.3954E-04
  0.910849571     -0.1819      3.4309E-04  3.4309E-04
  0.829749107     -0.3331      2.6709E-04  2.6709E-04
  0.748648643      5.7326E-03  2.0736E-04  2.0736E-04
  0.667548180      0.2562      1.6055E-04  1.6055E-04
  0.586447716      3.2509E-02  1.2398E-04  1.2398E-04
  0.505347252      0.5903      9.5474E-05  9.5474E-05
  0.424246788      0.9781      7.3327E-05  7.3327E-05
  0.343146324      0.3194      5.6165E-05  5.6165E-05
  0.262045860     -0.1357      4.2904E-05  4.2904E-05
  0.180945396     -5.5728E-03  3.2686E-05  3.2686E-05
  9.984493256E-02  0.2596      2.4834E-05  2.4834E-05
  1.874446869E-02 -0.4029      1.8817E-05  1.8817E-05
 -6.235599518E-02  0.2607      1.4220E-05  1.4220E-05
 -0.143456459      0.2591      1.0717E-05  1.0717E-05
 -0.224556923      9.7813E-02  8.0548E-06  8.0548E-06
 -0.305657387      0.2133      6.0377E-06  6.0377E-06
 -0.386757851      3.6220E-02  4.5136E-06  4.5136E-06
 -0.467858315      0.2150       0.000       0.000    
 -0.548958778      0.5457       0.000       0.000    
 -0.630059242       1.021       0.000       0.000    
 -0.711159706      0.7904       0.000       0.000    
 -0.792260170       1.175       0.000       0.000    
 -0.873360634      0.1731       0.000       0.000    
 -0.954461098      0.2829       0.000       0.000    
  -1.03556156      0.8935       0.000       0.000    
  -1.11666203     -2.1199E-02   0.000       0.000    
  -1.19776249      0.3877       0.000       0.000    
  -1.27886295      0.3223       0.000       0.000    
  -1.35996342      0.5274       0.000       0.000    
  -1.44106388      0.2461       0.000       0.000    
  -1.52216434      0.3787       0.000       0.000    
  -1.60326481      0.9260       0.000       0.000    
  -1.68436527     -0.2361       0.000       0.000    
  -1.76546574     -0.1974       0.000       0.000    
  -1.84656620      0.4479       0.000       0.000    
  -1.92766666      0.9685       0.000       0.000    
  -2.00876713       1.216       0.000       0.000    
