   18.0046535      0.1927       0.000       0.000    
   17.9190478      0.2382       0.000       0.000    
   17.8334422      0.1104       0.000       0.000    
   17.7478366     -0.3646       0.000       0.000    
   17.6622310     -8.4491E-02   0.000       0.000    
   17.5766253      0.6060       0.000       0.000    
   17.4910197     -6.9747E-03   0.000       0.000    
   17.4054141      0.3139       0.000       0.000    
   17.3198085      0.2895      3.5309E-06  3.5309E-06
   17.2342029     -0.1560      4.7819E-06  4.7819E-06
   17.1485972      0.5387      6.4573E-06  6.4573E-06
   17.0629916      0.1438      8.6943E-06  8.6943E-06
   16.9773860     -0.4958      1.1672E-05  1.1672E-05
   16.8917804     -0.1437      1.5624E-05  1.5624E-05
   16.8061748      0.3652      2.0854E-05  2.0854E-05
   16.7205691      0.5843      2.7752E-05  2.7752E-05
   16.6349635     -8.0360E-02  3.6826E-05  3.6826E-05
   16.5493579     -0.3665      4.8723E-05  4.8723E-05
   16.4637523      0.5891      6.4276E-05  6.4276E-05
   16.3781466      0.1976      8.4547E-05  8.4547E-05
   16.2925410      0.3403      1.1089E-04  1.1089E-04
   16.2069354      4.1021E-02  1.4501E-04  1.4501E-04
   16.1213298      7.0940E-02  1.8908E-04  1.8908E-04
   16.0357242      0.7517      2.4583E-04  2.4583E-04
   15.9501185      5.8270E-02  3.1868E-04  3.1868E-04
   15.8645129     -0.6347      4.1191E-04  4.1191E-04
   15.7789073     -0.5464      5.3087E-04  5.3087E-04
   15.6933017     -0.4516      6.8219E-04  6.8219E-04
   15.6076961      0.4173      8.7409E-04  8.7409E-04
   15.5220904      0.5971      1.1167E-03  1.1167E-03
   15.4364848     -5.5607E-02  1.4225E-03  1.4225E-03
   15.3508792      0.7120      1.8068E-03  1.8068E-03
   15.2652736     -0.2146      2.2882E-03  2.2882E-03
   15.1796679     -0.6702      2.8894E-03  2.8894E-03
   15.0940623      1.6199E-02  3.6380E-03  3.6380E-03
   15.0084567      0.1456      4.5672E-03  4.5672E-03
   14.9228511      0.4402      5.7170E-03  5.7170E-03
   14.8372455      0.1610      7.1355E-03  7.1355E-03
   14.7516398      0.7937      8.8799E-03  8.8799E-03
   14.6660342      0.5697      1.1019E-02  1.1019E-02
   14.5804286      0.1214      1.3633E-02  1.3633E-02
   14.4948230      0.2195      1.6818E-02  1.6818E-02
   14.4092174     -5.1837E-03  2.0686E-02  2.0686E-02
   14.3236117      0.5343      2.5371E-02  2.5371E-02
   14.2380061      0.5222      3.1026E-02  3.1026E-02
   14.1524005     -0.5690      3.7831E-02  3.7831E-02
   14.0667949     -4.6916E-02  4.5994E-02  4.5994E-02
   13.9811893      0.5585      5.5756E-02  5.5756E-02
   13.8955836      0.6555      6.7392E-02  6.7392E-02
   13.8099780      0.6247      8.1220E-02  8.1220E-02
   13.7243724      0.5737      9.7600E-02  9.7600E-02
   13.6387668      4.7624E-02  0.1169      0.1169    
   13.5531611      0.7312      0.1397      0.1397    
   13.4675555      0.5111      0.1664      0.1664    
   13.3819499      0.5374      0.1977      0.1977    
   13.2963443      0.5187      0.2341      0.2341    
   13.2107387      0.1926      0.2764      0.2764    
   13.1251330      0.4928      0.3255      0.3255    
   13.0395274      0.1013      0.3821      0.3821    
   12.9539218      2.4315E-02  0.4472      0.4472    
   12.8683162      0.2948      0.5220      0.5220    
   12.7827106      0.2294      0.6075      0.6075    
   12.6971049      0.7509      0.7049      0.7049    
   12.6114993      0.7033      0.8155      0.8155    
   12.5258937      0.7801      0.9408      0.9408    
   12.4402881       1.208       1.082       1.082    
   12.3546824      0.7739       1.241       1.241    
   12.2690768      0.4189       1.419       1.419    
   12.1834712       1.232       1.618       1.618    
   12.0978656       1.599       1.840       1.840    
   12.0122600      0.9790       2.086       2.086    
   11.9266543       1.658       2.357       2.357    
   11.8410487       1.751       2.657       2.657    
   11.7554431       1.650       2.985       2.985    
   11.6698375       2.396       3.345       3.345    
   11.5842319       2.813       3.737       3.737    
   11.4986262       2.468       4.163       4.163    
   11.4130206       3.441       4.623       4.623    
   11.3274150       3.787       5.120       5.120    
   11.2418094       4.526       5.654       5.654    
   11.1562037       5.186       6.225       6.225    
   11.0705981       7.170       6.834       6.834    
   10.9849925       6.535       7.480       7.480    
   10.8993869       7.868       8.164       8.164    
   10.8137813       8.816       8.885       8.885    
   10.7281756       9.235       9.640       9.640    
   10.6425700       9.079       10.43       10.43    
   10.5569644       10.57       11.25       11.25    
   10.4713588       11.52       12.10       12.10    
   10.3857532       12.34       12.98       12.98    
   10.3001475       12.99       13.88       13.88    
   10.2145419       13.55       14.80       14.80    
   10.1289363       14.86       15.73       15.73    
   10.0433307       16.02       16.68       16.68    
   9.95772505       17.22       17.63       17.63    
   9.87211943       19.24       18.58       18.58    
   9.78651381       20.16       19.52       19.52    
   9.70090818       22.62       20.46       20.46    
   9.61530256       23.08       21.37       21.37    
   9.52969694       24.46       22.26       22.26    
   9.44409132       25.75       23.12       23.12    
   9.35848570       26.92       23.94       23.94    
   9.27288008       28.04       24.72       24.72    
   9.18727446       29.08       25.46       25.46    
   9.10166883       29.16       26.13       26.13    
   9.01606321       29.16       26.75       26.75    
   8.93045759       29.24       27.30       27.30    
   8.84485197       28.75       27.78       27.78    
   8.75924635       28.49       28.19       28.19    
   8.67364073       27.91       28.52       28.52    
   8.58803511       26.36       28.77       28.77    
   8.50242949       25.84       28.94       28.94    
   8.41682386       25.69       29.02       29.02    
   8.33121824       25.23       29.02       29.02    
   8.24561262       24.98       28.94       28.94    
   8.16000700       24.90       28.77       28.77    
   8.07440138       25.29       28.52       28.52    
   7.98879576       25.52       28.19       28.19    
   7.90319014       26.73       27.78       27.78    
   7.81758451       26.47       27.30       27.30    
   7.73197889       25.75       26.75       26.75    
   7.64637327       25.91       26.13       26.13    
   7.56076765       26.90       25.45       25.45    
   7.47516203       26.00       24.72       24.72    
   7.38955641       26.66       23.94       23.94    
   7.30395079       26.63       23.12       23.12    
   7.21834517       25.00       22.25       22.25    
   7.13273954       22.76       21.36       21.36    
   7.04713392       22.08       20.45       20.45    
   6.96152830       21.08       19.52       19.52    
   6.87592268       18.97       18.57       18.57    
   6.79031706       17.91       17.62       17.62    
   6.70471144       16.98       16.67       16.67    
   6.61910582       15.46       15.73       15.73    
   6.53350019       13.20       14.79       14.79    
   6.44789457       13.37       13.87       13.87    
   6.36228895       11.78       12.97       12.97    
   6.27668333       11.19       12.10       12.10    
   6.19107771       10.33       11.25       11.25    
   6.10547209       10.12       10.42       10.42    
   6.01986647       8.415       9.636       9.636    
   5.93426085       8.762       8.880       8.880    
   5.84865522       8.823       8.160       8.160    
   5.76304960       7.211       7.476       7.476    
   5.67744398       7.477       6.830       6.830    
   5.59183836       6.453       6.221       6.221    
   5.50623274       6.428       5.650       5.650    
   5.42062712       5.509       5.117       5.117    
   5.33502150       5.214       4.620       4.620    
   5.24941587       5.511       4.160       4.160    
   5.16381025       5.145       3.734       3.734    
   5.07820463       3.807       3.343       3.343    
   4.99259901       3.799       2.983       2.983    
   4.90699339       2.914       2.655       2.655    
   4.82138777       1.962       2.355       2.355    
   4.73578215       1.965       2.084       2.084    
   4.65017653       1.706       1.838       1.838    
   4.56457090      0.7270       1.617       1.617    
   4.47896528      0.8534       1.418       1.418    
   4.39335966       1.855       1.240       1.240    
   4.30775404       1.046       1.081       1.081    
   4.22214842      0.5632      0.9399      0.9399    
   4.13654280       1.170      0.8148      0.8148    
   4.05093718      0.9109      0.7042      0.7042    
   3.96533155       1.156      0.6069      0.6069    
   3.87972593       1.610      0.5215      0.5215    
   3.79412031      0.6541      0.4468      0.4468    
   3.70851469      0.8974      0.3817      0.3817    
   3.62290907      0.4741      0.3251      0.3251    
   3.53730345      0.1517      0.2761      0.2761    
   3.45169783      0.5173      0.2338      0.2338    
   3.36609221     -0.7092      0.1975      0.1975    
   3.28048658      1.3991E-03  0.1662      0.1662    
   3.19488096      0.2479      0.1396      0.1396    
   3.10927534      0.3360      0.1168      0.1168    
   3.02366972     -9.5077E-02  9.7486E-02  9.7486E-02
   2.93806410      0.2227      8.1123E-02  8.1123E-02
   2.85245848      0.4632      6.7311E-02  6.7311E-02
   2.76685286     -7.6583E-02  5.5687E-02  5.5687E-02
   2.68124723     -0.2508      4.5937E-02  4.5937E-02
   2.59564161      0.4989      3.7783E-02  3.7783E-02
   2.51003599      0.5204      3.0986E-02  3.0986E-02
   2.42443037      6.9395E-02  2.5338E-02  2.5338E-02
   2.33882475      0.3914      2.0659E-02  2.0659E-02
   2.25321913      0.8158      1.6795E-02  1.6795E-02
   2.16761351     -0.1129      1.3614E-02  1.3614E-02
   2.08200788      0.3010      1.1003E-02  1.1003E-02
   1.99640226      0.6968      8.8675E-03  8.8675E-03
   1.91079664      0.2301      7.1254E-03  7.1254E-03
   1.82519102      0.4832      5.7088E-03  5.7088E-03
   1.73958540      1.8985E-02  4.5606E-03  4.5606E-03
   1.65397978     -0.1302      3.6327E-03  3.6327E-03
   1.56837416     -0.3929      2.8851E-03  2.8851E-03
   1.48276854      4.0743E-02  2.2848E-03  2.2848E-03
   1.39716291      0.6886      1.8040E-03  1.8040E-03
   1.31155729      0.5953      1.4203E-03  1.4203E-03
   1.22595167      0.2151      1.1150E-03  1.1150E-03
   1.14034605      2.8515E-02  8.7271E-04  8.7271E-04
   1.05474043      0.5679      6.8110E-04  6.8110E-04
  0.969134808      0.4761      5.3001E-04  5.3001E-04
  0.883529186     -0.6711      4.1123E-04  4.1123E-04
  0.797923565      0.8865      3.1815E-04  3.1815E-04
  0.712317944      0.3914      2.4542E-04  2.4542E-04
  0.626712322     -0.1102      1.8876E-04  1.8876E-04
  0.541106701      0.3141      1.4476E-04  1.4476E-04
  0.455501080      3.5066E-02  1.1070E-04  1.1070E-04
  0.369895458      0.2446      8.4399E-05  8.4399E-05
  0.284289837      4.4359E-02  6.4162E-05  6.4162E-05
  0.198684216     -0.5002      4.8636E-05  4.8636E-05
  0.113078594     -0.2212      3.6759E-05  3.6759E-05
  2.747297287E-02 -0.2251      2.7702E-05  2.7702E-05
 -5.813264847E-02 -0.2643      2.0815E-05  2.0815E-05
 -0.143738270      0.4573      1.5595E-05  1.5595E-05
 -0.229343891     -4.8673E-02  1.1650E-05  1.1650E-05
 -0.314949512     -0.7779      8.6778E-06  8.6778E-06
 -0.400555134     -0.4800      6.4450E-06  6.4450E-06
 -0.486160755     -0.3599      4.7727E-06  4.7727E-06
 -0.571766376     -6.6838E-02  3.5240E-06  3.5240E-06
 -0.657371998      0.4952       0.000       0.000    
 -0.742977619     -0.1429       0.000       0.000    
 -0.828583241      0.4297       0.000       0.000    
 -0.914188862      0.1790       0.000       0.000    
 -0.999794483      3.9418E-02   0.000       0.000    
  -1.08540010     -0.4150       0.000       0.000    
  -1.17100573      0.1965       0.000       0.000    
  -1.25661135      2.1744E-02   0.000       0.000    
  -1.34221697      0.1144       0.000       0.000    
  -1.42782259      8.5790E-02   0.000       0.000    
  -1.51342821     -0.6835       0.000       0.000    
  -1.59903383      2.3584E-02   0.000       0.000    
  -1.68463945     -0.5452       0.000       0.000    
  -1.77024508     -0.5402       0.000       0.000    
  -1.85585070      0.7354       0.000       0.000    
  -1.94145632      9.1324E-02   0.000       0.000    
  -2.02706194     -0.3603       0.000       0.000    
