   47.6718521      4.4984E-03   0.000       0.000    
   44.9049988      8.0134E-03   0.000       0.000    
   42.1381454      0.2201       0.000       0.000    
   39.3712921      3.6502E-02   0.000       0.000    
   36.6044388      8.4047E-02   0.000       0.000    
   33.8375854     -0.1579       0.000       0.000    
   31.0707321      4.3870E-02   0.000       0.000    
   28.3038788      0.1608       0.000       0.000    
   25.5370255      2.5408E-02   0.000       0.000    
   22.7701721     -0.1050       0.000       0.000    
   20.0033188      2.6390E-02   0.000       0.000    
   17.2364655     -0.1335      1.7809E-05  1.7809E-05
   14.4696121      7.8043E-02  3.5283E-03  3.5283E-03
   11.7027588      7.8685E-02  0.1320      0.1320    
   8.93590546      0.9533      0.9316      0.9316    
   6.16905212       1.225       1.242       1.242    
   3.40219879      0.3356      0.3124      0.3124    
  0.635345459     -4.8658E-03  1.4835E-02  1.4835E-02
  -2.13150787     -0.1361      1.3300E-04  1.3300E-04
  -4.89836121     -2.0277E-02  2.2511E-07  2.2511E-07
  -7.66521454      5.4673E-02   0.000       0.000    
  -10.4320679     -5.3777E-02   0.000       0.000    
  -13.1989212      2.1407E-02   0.000       0.000    
  -15.9657745      9.9268E-02   0.000       0.000    
  -18.7326279      1.7397E-02   0.000       0.000    
  -21.4994812     -9.1532E-02   0.000       0.000    
  -24.2663345     -0.1986       0.000       0.000    
  -27.0331879     -3.8403E-02   0.000       0.000    
  -29.8000412      3.4169E-02   0.000       0.000    
  -32.5668945      9.8575E-02   0.000       0.000    
