   44.6556797      4.7007E-02   0.000       0.000    
   41.8890133      5.1122E-02   0.000       0.000    
   39.1223469      8.2015E-02   0.000       0.000    
   36.3556805      0.1112       0.000       0.000    
   33.5890141     -0.1335       0.000       0.000    
   30.8223476     -0.1537       0.000       0.000    
   28.0556812     -8.2510E-02   0.000       0.000    
   25.2890148     -0.1474      7.5067E-07  7.5067E-07
   22.5223484     -1.3183E-02  1.6432E-05  1.6432E-05
   19.7556820      2.5770E-02  2.3364E-04  2.3364E-04
   16.9890156      9.8278E-02  2.1578E-03  2.1578E-03
   14.2223492     -7.7093E-02  1.2944E-02  1.2944E-02
   11.4556828      0.1174      5.0436E-02  5.0436E-02
   8.68901634      6.4639E-02  0.1276      0.1276    
   5.92234993      0.2346      0.2098      0.2098    
   3.15568352      0.2868      0.2241      0.2241    
  0.389017105     -7.4454E-03  0.1554      0.1554    
  -2.37764931      0.2734      7.0011E-02  7.0011E-02
  -5.14431572     -0.1155      2.0486E-02  2.0486E-02
  -7.91098213      6.7700E-02  3.8938E-03  3.8938E-03
  -10.6776485     -6.3872E-02  4.8071E-04  4.8071E-04
  -13.4443150      3.3822E-02  3.8548E-05  3.8548E-05
  -16.2109814     -7.7333E-03  2.0078E-06  2.0078E-06
  -18.9776478      1.3418E-02  6.7929E-08  6.7929E-08
  -21.7443142      3.5650E-02   0.000       0.000    
  -24.5109806      4.7594E-02   0.000       0.000    
  -27.2776470     -8.0977E-03   0.000       0.000    
  -30.0443134      5.5162E-02   0.000       0.000    
  -32.8109798      0.1346       0.000       0.000    
  -35.5776463      4.6313E-02   0.000       0.000    
