   17.8811870     -0.3823      2.6420E-05  2.6420E-05
   17.8000922       1.045      3.0728E-05  3.0728E-05
   17.7189975      1.8458E-02  3.5693E-05  3.5693E-05
   17.6379027     -0.3089      4.1409E-05  4.1409E-05
   17.5568080      0.8044      4.7980E-05  4.7980E-05
   17.4757133     -0.2120      5.5523E-05  5.5523E-05
   17.3946185     -0.2117      6.4171E-05  6.4171E-05
   17.3135238      0.2069      7.4072E-05  7.4072E-05
   17.2324290      8.9461E-02  8.5394E-05  8.5394E-05
   17.1513343      0.2137      9.8322E-05  9.8322E-05
   17.0702395      0.4984      1.1306E-04  1.1306E-04
   16.9891448     -0.1903      1.2985E-04  1.2985E-04
   16.9080501     -0.4825      1.4895E-04  1.4895E-04
   16.8269553     -0.1718      1.7063E-04  1.7063E-04
   16.7458606     -0.8225      1.9523E-04  1.9523E-04
   16.6647658      0.1143      2.2309E-04  2.2309E-04
   16.5836711      0.4159      2.5461E-04  2.5461E-04
   16.5025764      0.5211      2.9021E-04  2.9021E-04
   16.4214816     -0.6415      3.3038E-04  3.3038E-04
   16.3403869      0.3981      3.7562E-04  3.7562E-04
   16.2592921      0.2622      4.2653E-04  4.2653E-04
   16.1781974      0.4483      4.8373E-04  4.8373E-04
   16.0971026      0.1691      5.4790E-04  5.4790E-04
   16.0160079     -0.2269      6.1981E-04  6.1981E-04
   15.9349132     -7.2821E-02  7.0027E-04  7.0027E-04
   15.8538184     -0.5137      7.9018E-04  7.9018E-04
   15.7727237     -0.6834      8.9050E-04  8.9050E-04
   15.6916289      -1.385      1.0023E-03  1.0023E-03
   15.6105342     -0.1572      1.1267E-03  1.1267E-03
   15.5294394     -0.7307      1.2650E-03  1.2650E-03
   15.4483447     -0.2260      1.4184E-03  1.4184E-03
   15.3672500      0.5289      1.5885E-03  1.5885E-03
   15.2861552     -0.4936      1.7767E-03  1.7767E-03
   15.2050605     -0.3304      1.9846E-03  1.9846E-03
   15.1239657     -0.1302      2.2142E-03  2.2142E-03
   15.0428710     -0.3450      2.4671E-03  2.4671E-03
   14.9617763     -0.2844      2.7455E-03  2.7455E-03
   14.8806815     -0.4436      3.0515E-03  3.0515E-03
   14.7995868     -0.4597      3.3873E-03  3.3873E-03
   14.7184920      -1.145      3.7553E-03  3.7553E-03
   14.6373973     -7.6882E-02  4.1580E-03  4.1580E-03
   14.5563025      0.6272      4.5981E-03  4.5981E-03
   14.4752078     -0.4699      5.0784E-03  5.0784E-03
   14.3941131     -7.5008E-02  5.6018E-03  5.6018E-03
   14.3130183      0.1391      6.1714E-03  6.1714E-03
   14.2319236      8.5835E-02  6.7903E-03  6.7903E-03
   14.1508288     -4.2641E-02  7.4618E-03  7.4618E-03
   14.0697341     -0.3997      8.1894E-03  8.1894E-03
   13.9886394     -0.2886      8.9767E-03  8.9767E-03
   13.9075446     -0.3067      9.8272E-03  9.8272E-03
   13.8264499     -0.7358      1.0745E-02  1.0745E-02
   13.7453551      0.1078      1.1733E-02  1.1733E-02
   13.6642604     -0.5989      1.2796E-02  1.2796E-02
   13.5831656     -0.1094      1.3938E-02  1.3938E-02
   13.5020709      0.6890      1.5163E-02  1.5163E-02
   13.4209762      6.3183E-02  1.6474E-02  1.6474E-02
   13.3398814      1.8710E-02  1.7877E-02  1.7877E-02
   13.2587867      0.1398      1.9374E-02  1.9374E-02
   13.1776919      9.0628E-03  2.0970E-02  2.0970E-02
   13.0965972      0.5942      2.2670E-02  2.2670E-02
   13.0155025      0.7937      2.4476E-02  2.4476E-02
   12.9344077     -0.1564      2.6392E-02  2.6392E-02
   12.8533130     -0.3674      2.8423E-02  2.8423E-02
   12.7722182     -0.2266      3.0571E-02  3.0571E-02
   12.6911235      0.3805      3.2841E-02  3.2841E-02
   12.6100287     -0.1289      3.5234E-02  3.5234E-02
   12.5289340     -0.1898      3.7754E-02  3.7754E-02
   12.4478393      0.1005      4.0403E-02  4.0403E-02
   12.3667445     -0.6612      4.3184E-02  4.3184E-02
   12.2856498     -0.4886      4.6098E-02  4.6098E-02
   12.2045550      0.1065      4.9147E-02  4.9147E-02
   12.1234603      0.2862      5.2331E-02  5.2331E-02
   12.0423656     -0.1660      5.5651E-02  5.5651E-02
   11.9612708      0.5716      5.9108E-02  5.9108E-02
   11.8801761      0.1544      6.2700E-02  6.2700E-02
   11.7990813      0.6264      6.6426E-02  6.6426E-02
   11.7179866      0.1246      7.0285E-02  7.0285E-02
   11.6368918     -0.1524      7.4275E-02  7.4275E-02
   11.5557971      0.6263      7.8392E-02  7.8392E-02
   11.4747024     -0.1283      8.2633E-02  8.2633E-02
   11.3936076      0.2314      8.6994E-02  8.6994E-02
   11.3125129      0.2249      9.1469E-02  9.1469E-02
   11.2314181     -0.4358      9.6053E-02  9.6053E-02
   11.1503234      0.3563      0.1007      0.1007    
   11.0692286     -9.0536E-03  0.1055      0.1055    
   10.9881339      0.2495      0.1104      0.1104    
   10.9070392      0.1130      0.1153      0.1153    
   10.8259444      0.6238      0.1204      0.1204    
   10.7448497     -0.2549      0.1254      0.1254    
   10.6637549      0.2122      0.1306      0.1306    
   10.5826602     -0.1356      0.1357      0.1357    
   10.5015655      2.0662E-02  0.1409      0.1409    
   10.4204707      0.5289      0.1461      0.1461    
   10.3393760      0.3524      0.1514      0.1514    
   10.2582812     -3.0221E-02  0.1566      0.1566    
   10.1771865      0.1416      0.1617      0.1617    
   10.0960917     -3.7736E-02  0.1669      0.1669    
   10.0149970      0.4266      0.1719      0.1719    
   9.93390226      0.4177      0.1769      0.1769    
   9.85280752      0.3410      0.1819      0.1819    
   9.77171278     -0.1024      0.1867      0.1867    
   9.69061804      0.1283      0.1914      0.1914    
   9.60952330      0.5772      0.1960      0.1960    
   9.52842855      0.3519      0.2005      0.2005    
   9.44733381      0.2326      0.2047      0.2047    
   9.36623907      5.1214E-02  0.2089      0.2089    
   9.28514433      0.4639      0.2128      0.2128    
   9.20404959     -0.1941      0.2165      0.2165    
   9.12295485     -6.0915E-03  0.2200      0.2200    
   9.04186010      0.4930      0.2233      0.2233    
   8.96076536     -0.1530      0.2264      0.2264    
   8.87967062      0.2315      0.2292      0.2292    
   8.79857588      0.1663      0.2317      0.2317    
   8.71748114     -0.3559      0.2340      0.2340    
   8.63638639      0.1591      0.2360      0.2360    
   8.55529165      0.7360      0.2378      0.2378    
   8.47419691      0.7984      0.2392      0.2392    
   8.39310217      0.1368      0.2403      0.2403    
   8.31200743      5.8868E-02  0.2412      0.2412    
   8.23091269     -0.1879      0.2417      0.2417    
   8.14981794      0.5572      0.2420      0.2420    
   8.06872320     -7.2788E-02  0.2419      0.2419    
   7.98762846      0.5485      0.2415      0.2415    
   7.90653372     -4.3683E-02  0.2408      0.2408    
   7.82543898     -0.6900      0.2399      0.2399    
   7.74434423      1.9859E-02  0.2386      0.2386    
   7.66324949      0.6540      0.2370      0.2370    
   7.58215475      0.9286      0.2352      0.2352    
   7.50106001      0.1998      0.2330      0.2330    
   7.41996527      0.1179      0.2306      0.2306    
   7.33887053      0.3376      0.2280      0.2280    
   7.25777578      0.2871      0.2250      0.2250    
   7.17668104     -0.1089      0.2219      0.2219    
   7.09558630      0.5972      0.2185      0.2185    
   7.01449156     -0.1504      0.2149      0.2149    
   6.93339682       1.061      0.2110      0.2110    
   6.85230207      0.8703      0.2070      0.2070    
   6.77120733      2.4562E-02  0.2028      0.2028    
   6.69011259      0.5148      0.1985      0.1985    
   6.60901785      0.5754      0.1940      0.1940    
   6.52792311      8.2328E-02  0.1893      0.1893    
   6.44682837     -0.1594      0.1846      0.1846    
   6.36573362      0.2136      0.1797      0.1797    
   6.28463888      0.2156      0.1747      0.1747    
   6.20354414      0.1447      0.1697      0.1697    
   6.12244940      -1.190      0.1646      0.1646    
   6.04135466     -0.3171      0.1594      0.1594    
   5.96025991     -0.3306      0.1542      0.1542    
   5.87916517      0.9516      0.1490      0.1490    
   5.79807043      0.9639      0.1438      0.1438    
   5.71697569     -0.3915      0.1386      0.1386    
   5.63588095     -0.1161      0.1334      0.1334    
   5.55478621      0.7770      0.1283      0.1283    
   5.47369146     -3.8754E-02  0.1232      0.1232    
   5.39259672     -8.6570E-03  0.1181      0.1181    
   5.31150198      0.3648      0.1131      0.1131    
   5.23040724     -0.1264      0.1082      0.1082    
   5.14931250     -0.4038      0.1034      0.1034    
   5.06821775      0.2758      9.8635E-02  9.8635E-02
   4.98712301      0.3138      9.3993E-02  9.3993E-02
   4.90602827      0.4170      8.9457E-02  8.9457E-02
   4.82493353     -0.1441      8.5032E-02  8.5032E-02
   4.74383879     -0.6644      8.0724E-02  8.0724E-02
   4.66274405     -0.7183      7.6538E-02  7.6538E-02
   4.58164930     -0.4815      7.2477E-02  7.2477E-02
   4.50055456      0.1711      6.8546E-02  6.8546E-02
   4.41945982      0.5361      6.4745E-02  6.4745E-02
   4.33836508      0.2344      6.1079E-02  6.1079E-02
   4.25727034       1.191      5.7548E-02  5.7548E-02
   4.17617559      0.5260      5.4152E-02  5.4152E-02
   4.09508085      0.6347      5.0892E-02  5.0892E-02
   4.01398611     -0.1972      4.7769E-02  4.7769E-02
   3.93289137     -0.1803      4.4780E-02  4.4780E-02
   3.85179663      0.6061      4.1926E-02  4.1926E-02
   3.77070189     -0.7372      3.9204E-02  3.9204E-02
   3.68960714     -0.1893      3.6613E-02  3.6613E-02
   3.60851240     -0.1150      3.4150E-02  3.4150E-02
   3.52741766      0.2595      3.1812E-02  3.1812E-02
   3.44632292      0.1693      2.9597E-02  2.9597E-02
   3.36522818     -0.4702      2.7502E-02  2.7502E-02
   3.28413343      0.6997      2.5522E-02  2.5522E-02
   3.20303869     -0.1597      2.3656E-02  2.3656E-02
   3.12194395      0.2103      2.1898E-02  2.1898E-02
   3.04084921      0.1595      2.0245E-02  2.0245E-02
   2.95975447      0.6346      1.8693E-02  1.8693E-02
   2.87865973     -1.7800E-02  1.7239E-02  1.7239E-02
   2.79756498     -4.1402E-02  1.5878E-02  1.5878E-02
   2.71647024      5.8733E-03  1.4606E-02  1.4606E-02
   2.63537550      0.2823      1.3418E-02  1.3418E-02
   2.55428076      0.1374      1.2312E-02  1.2312E-02
   2.47318602      7.9934E-02  1.1283E-02  1.1283E-02
   2.39209127     -0.4047      1.0326E-02  1.0326E-02
   2.31099653      0.5144      9.4393E-03  9.4393E-03
   2.22990179     -0.1969      8.6175E-03  8.6175E-03
   2.14880705     -0.5730      7.8573E-03  7.8573E-03
   2.06771231      7.9739E-02  7.1552E-03  7.1552E-03
   1.98661757      6.6436E-02  6.5076E-03  6.5076E-03
   1.90552282     -0.1215      5.9111E-03  5.9111E-03
   1.82442808      0.1259      5.3626E-03  5.3626E-03
   1.74333334      0.4053      4.8588E-03  4.8588E-03
   1.66223860     -0.1260      4.3968E-03  4.3968E-03
   1.58114386     -4.2593E-02  3.9737E-03  3.9737E-03
   1.50004911     -9.0326E-02  3.5868E-03  3.5868E-03
   1.41895437     -0.5626      3.2335E-03  3.2335E-03
   1.33785963     -5.5300E-02  2.9113E-03  2.9113E-03
   1.25676489      0.3610      2.6179E-03  2.6179E-03
   1.17567015      0.6180      2.3511E-03  2.3511E-03
   1.09457541      -1.134      2.1089E-03  2.1089E-03
   1.01348066      4.0436E-02  1.8892E-03  1.8892E-03
  0.932385921      -1.006      1.6903E-03  1.6903E-03
  0.851291180     -0.4748      1.5104E-03  1.5104E-03
  0.770196438       1.401      1.3479E-03  1.3479E-03
  0.689101696      7.3559E-02  1.2014E-03  1.2014E-03
  0.608006954      1.5151E-02  1.0695E-03  1.0695E-03
  0.526912212      0.3132      9.5089E-04  9.5089E-04
  0.445817471     -0.1650      8.4435E-04  8.4435E-04
  0.364722729     -0.2676      7.4880E-04  7.4880E-04
  0.283627987      0.7496      6.6323E-04  6.6323E-04
  0.202533245      4.1287E-03  5.8669E-04  5.8669E-04
  0.121438503      8.2967E-02  5.1834E-04  5.1834E-04
  4.034376144E-02  0.3674      4.5737E-04  4.5737E-04
 -4.075098038E-02  0.2793      4.0306E-04  4.0306E-04
 -0.121845722     -0.1260      3.5475E-04  3.5475E-04
 -0.202940464     -0.4498      3.1184E-04  3.1184E-04
 -0.284035206     -6.3427E-02  2.7378E-04  2.7378E-04
 -0.365129948      0.3013      2.4006E-04  2.4006E-04
 -0.446224689     -0.4948      2.1022E-04  2.1022E-04
 -0.527319431      0.1828      1.8386E-04  1.8386E-04
 -0.608414173     -0.4406      1.6061E-04  1.6061E-04
 -0.689508915     -0.2042      1.4012E-04  1.4012E-04
 -0.770603657      0.4211      1.2209E-04  1.2209E-04
 -0.851698399     -0.6733      1.0624E-04  1.0624E-04
 -0.932793140     -0.6675      9.2337E-05  9.2337E-05
  -1.01388788      1.1097E-02  8.0151E-05  8.0151E-05
  -1.09498262     -0.1284      6.9486E-05  6.9486E-05
  -1.17607737     -0.8921      6.0163E-05  6.0163E-05
  -1.25717211     -0.4476      5.2026E-05  5.2026E-05
  -1.33826685      0.2524      4.4933E-05  4.4933E-05
  -1.41936159      0.3239      3.8758E-05  3.8758E-05
  -1.50045633      0.8843      3.3389E-05  3.3389E-05
  -1.58155107      0.4781      2.8728E-05  2.8728E-05
  -1.66264582      0.8974      2.4686E-05  2.4686E-05
  -1.74374056      0.1922      2.1186E-05  2.1186E-05
  -1.82483530      0.1591      1.8160E-05  1.8160E-05
  -1.90593004     -0.6435      1.5546E-05  1.5546E-05
  -1.98702478     -0.8056      1.3292E-05  1.3292E-05
  -2.06811953     -0.1032      1.1350E-05  1.1350E-05
