   48.2928085     -0.1018       0.000       0.000    
   45.7655602      0.4737       0.000       0.000    
   43.2383118      0.8674       0.000       0.000    
   40.7110634      0.2629       0.000       0.000    
   38.1838150       2.587       0.000       0.000    
   35.6565666      0.8088       0.000       0.000    
   33.1293182      0.1724       0.000       0.000    
   30.6020699     -0.1066       0.000       0.000    
   28.0748215     -3.6431E-02   0.000       0.000    
   25.5475731      8.0802E-04   0.000       0.000    
   23.0203247       1.047       0.000       0.000    
   20.4930763      0.4985       0.000       0.000    
   17.9658279      9.2722E-02   0.000       0.000    
   15.4385796      0.9016       0.000       0.000    
   12.9113312     -0.2418      3.1051E-06  3.1051E-06
   10.3840828      4.7463E-02  4.8178E-02  4.8178E-02
   7.85683441       3.620       3.619       3.619    
   5.32958603       1.315       1.316       1.316    
   2.80233765     -2.0745E-02  2.3166E-03  2.3166E-03
  0.275089264     -0.1876       0.000       0.000    
  -2.25215912     -0.2998       0.000       0.000    
  -4.77940750     -0.2178       0.000       0.000    
  -7.30665588     -0.2917       0.000       0.000    
  -9.83390427     -3.6529E-02   0.000       0.000    
  -12.3611526     -0.2001       0.000       0.000    
  -14.8884010     -0.4593       0.000       0.000    
  -17.4156494     -0.3026       0.000       0.000    
  -19.9428978     -9.6230E-02   0.000       0.000    
  -22.4701462       2.314       0.000       0.000    
  -24.9973946      0.3846       0.000       0.000    
  -27.5246429      0.5267       0.000       0.000    
  -30.0518913     -6.1677E-02   0.000       0.000    
  -32.5791397       1.058       0.000       0.000    
