   48.0702057     -0.2780       0.000       0.000    
   45.5430984     -0.1331       0.000       0.000    
   43.0159912      0.1815       0.000       0.000    
   40.4888840       3.869       0.000       0.000    
   37.9617767       15.34       0.000       0.000    
   35.4346695       10.02       0.000       0.000    
   32.9075623       1.453       0.000       0.000    
   30.3804550     -0.3430       0.000       0.000    
   27.8533478     -0.6226       0.000       0.000    
   25.3262405      6.2710E-02   0.000       0.000    
   22.7991333      0.6693       0.000       0.000    
   20.2720261      0.4263       0.000       0.000    
   17.7449188      0.1307       0.000       0.000    
   15.2178116      8.4377E-02  2.3121E-05  2.3121E-05
   12.6907043     -0.1006      1.8066E-02  1.8066E-02
   10.1635971       1.178       1.157       1.157    
   7.63648987       6.070       6.079       6.079    
   5.10938263       2.639       2.618       2.618    
   2.58227539     -9.1059E-02  9.2465E-02  9.2465E-02
  5.516815186E-02 -0.3946      2.6773E-04  2.6773E-04
  -2.47193909     -0.4595       0.000       0.000    
  -4.99904633     -0.7952       0.000       0.000    
  -7.52615356     -0.3966       0.000       0.000    
  -10.0532608     -0.2160       0.000       0.000    
  -12.5803680     -0.3901       0.000       0.000    
  -15.1074753     -0.5359       0.000       0.000    
  -17.6345825     -0.2577       0.000       0.000    
  -20.1616898      0.6579       0.000       0.000    
  -22.6887970       3.289       0.000       0.000    
  -25.2159042       2.124       0.000       0.000    
  -27.7430115      0.1485       0.000       0.000    
  -30.2701187      0.3059       0.000       0.000    
  -32.7972260       2.801       0.000       0.000    
