   48.5683498      5.2485E-02   0.000       0.000    
   45.8012600      7.7578E-03   0.000       0.000    
   43.0341702     -0.1566       0.000       0.000    
   40.2670803     -7.4979E-02   0.000       0.000    
   37.4999905     -5.8696E-02   0.000       0.000    
   34.7329006     -8.7254E-02   0.000       0.000    
   31.9658108     -3.0844E-02   0.000       0.000    
   29.1987209     -9.5507E-02   0.000       0.000    
   26.4316311     -4.1457E-02   0.000       0.000    
   23.6645412     -0.1716       0.000       0.000    
   20.8974514     -5.0564E-02   0.000       0.000    
   18.1303616      0.2512      8.3376E-05  8.3376E-05
   15.3632717      4.0498E-02  1.5295E-02  1.5295E-02
   12.5961819      0.3755      0.3930      0.3930    
   9.82909203       1.427       1.415       1.415    
   7.06200218      0.6886      0.7132      0.7132    
   4.29491234      0.1674      5.0364E-02  5.0364E-02
   1.52782249     -0.1926      4.9820E-04  4.9820E-04
  -1.23926735     -0.1434      6.9029E-07  6.9029E-07
  -4.00635719      2.0013E-02   0.000       0.000    
  -6.77344704     -0.1785       0.000       0.000    
  -9.54053688     -9.6078E-02   0.000       0.000    
  -12.3076267      1.5489E-02   0.000       0.000    
  -15.0747166     -9.7136E-04   0.000       0.000    
  -17.8418064     -6.8451E-03   0.000       0.000    
  -20.6088963     -2.9410E-02   0.000       0.000    
  -23.3759861     -4.8301E-02   0.000       0.000    
  -26.1430759      4.7560E-02   0.000       0.000    
  -28.9101658      0.1500       0.000       0.000    
  -31.6772556     -1.5684E-02   0.000       0.000    
