   50.8389263     -3.2195E-02   0.000       0.000    
   48.0718288      9.7123E-02   0.000       0.000    
   45.3047314      1.8694E-02   0.000       0.000    
   42.5376339      4.9828E-02   0.000       0.000    
   39.7705364      2.6116E-02   0.000       0.000    
   37.0034389      0.1261       0.000       0.000    
   34.2363415      6.6184E-02   0.000       0.000    
   31.4692440     -1.0784E-02   0.000       0.000    
   28.7021465     -0.1319       0.000       0.000    
   25.9350491     -0.1599       0.000       0.000    
   23.1679516     -0.1475       0.000       0.000    
   20.4008541     -2.6662E-02   0.000       0.000    
   17.6337566      0.1001      1.2573E-05  1.2573E-05
   14.8666592      0.1729      9.1889E-03  9.1889E-03
   12.0995617      0.2897      0.3045      0.3045    
   9.33246422      0.4676      0.4577      0.4577    
   6.56536674     -1.6317E-02  3.1201E-02  3.1201E-02
   3.79826927     -8.4434E-02  9.6446E-05  9.6446E-05
   1.03117180      4.7854E-02   0.000       0.000    
  -1.73592567     -0.1210       0.000       0.000    
  -4.50302315      5.4659E-02   0.000       0.000    
  -7.27012062     -0.1017       0.000       0.000    
  -10.0372181      6.2371E-02   0.000       0.000    
  -12.8043156     -5.6503E-04   0.000       0.000    
  -15.5714130      0.1390       0.000       0.000    
  -18.3385105      8.8045E-02   0.000       0.000    
  -21.1056080      2.8118E-02   0.000       0.000    
  -23.8727055     -2.3289E-02   0.000       0.000    
  -26.6398029      0.1079       0.000       0.000    
  -29.4069004     -9.8789E-02   0.000       0.000    
