   18.5037594      0.5039       0.000       0.000    
   18.4181538     -1.5908E-02   0.000       0.000    
   18.3325481      4.2744E-02   0.000       0.000    
   18.2469425     -6.1388E-02   0.000       0.000    
   18.1613369     -7.5542E-02   0.000       0.000    
   18.0757313      4.0632E-02   0.000       0.000    
   17.9901257      0.6851       0.000       0.000    
   17.9045200      0.7471       0.000       0.000    
   17.8189144      0.2047       0.000       0.000    
   17.7333088     -0.1069       0.000       0.000    
   17.6477032      0.1587       0.000       0.000    
   17.5620975      9.0451E-02   0.000       0.000    
   17.4764919       1.272       0.000       0.000    
   17.3908863      0.2393       0.000       0.000    
   17.3052807      0.2112       0.000       0.000    
   17.2196751     -9.0480E-02   0.000       0.000    
   17.1340694     -0.2961       0.000       0.000    
   17.0484638     -0.6005       0.000       0.000    
   16.9628582      0.4482      1.3016E-07  1.3016E-07
   16.8772526      0.3083      1.8010E-07  1.8010E-07
   16.7916470     -5.5367E-03  2.4837E-07  2.4837E-07
   16.7060413      2.7423E-03  3.4136E-07  3.4136E-07
   16.6204357      0.7023      4.6759E-07  4.6759E-07
   16.5348301      0.2872      6.3833E-07  6.3833E-07
   16.4492245     -0.8027      8.6848E-07  8.6848E-07
   16.3636189     -0.3145      1.1776E-06  1.1776E-06
   16.2780132     -0.1938      1.5914E-06  1.5914E-06
   16.1924076     -0.5478      2.1434E-06  2.1434E-06
   16.1068020      -1.170      2.8771E-06  2.8771E-06
   16.0211964     -4.9526E-02  3.8489E-06  3.8489E-06
   15.9355907      0.4639      5.1316E-06  5.1316E-06
   15.8499851     -0.3841      6.8187E-06  6.8187E-06
   15.7643795     -0.1404      9.0299E-06  9.0299E-06
   15.6787739     -0.1064      1.1918E-05  1.1918E-05
   15.5931683      0.1127      1.5677E-05  1.5677E-05
   15.5075626     -0.3500      2.0551E-05  2.0551E-05
   15.4219570     -4.4974E-02  2.6851E-05  2.6851E-05
   15.3363514     -0.1145      3.4963E-05  3.4963E-05
   15.2507458      0.5204      4.5372E-05  4.5372E-05
   15.1651402     -5.6544E-02  5.8683E-05  5.8683E-05
   15.0795345      0.3163      7.5642E-05  7.5642E-05
   14.9939289      0.1158      9.7174E-05  9.7174E-05
   14.9083233      0.5489      1.2441E-04  1.2441E-04
   14.8227177     -0.4560      1.5875E-04  1.5875E-04
   14.7371120      0.2169      2.0189E-04  2.0189E-04
   14.6515064     -0.7231      2.5588E-04  2.5588E-04
   14.5659008     -0.8980      3.2321E-04  3.2321E-04
   14.4802952     -0.7644      4.0689E-04  4.0689E-04
   14.3946896     -0.4622      5.1050E-04  5.1050E-04
   14.3090839     -8.8152E-03  6.3834E-04  6.3834E-04
   14.2234783      0.6402      7.9551E-04  7.9551E-04
   14.1378727      0.2552      9.8802E-04  9.8802E-04
   14.0522671      0.6094      1.2230E-03  1.2230E-03
   13.9666615      0.2205      1.5087E-03  1.5087E-03
   13.8810558     -0.5804      1.8550E-03  1.8550E-03
   13.7954502      0.2355      2.2730E-03  2.2730E-03
   13.7098446       1.040      2.7758E-03  2.7758E-03
   13.6242390      0.7999      3.3784E-03  3.3784E-03
   13.5386333      0.3054      4.0980E-03  4.0980E-03
   13.4530277     -0.5529      4.9541E-03  4.9541E-03
   13.3674221       1.015      5.9689E-03  5.9689E-03
   13.2818165     -0.2802      7.1672E-03  7.1672E-03
   13.1962109     -0.8821      8.5772E-03  8.5772E-03
   13.1106052     -0.3815      1.0230E-02  1.0230E-02
   13.0249996      0.5134      1.2160E-02  1.2160E-02
   12.9393940      0.2808      1.4406E-02  1.4406E-02
   12.8537884      0.2652      1.7008E-02  1.7008E-02
   12.7681828     -3.4574E-02  2.0013E-02  2.0013E-02
   12.6825771     -0.1617      2.3470E-02  2.3470E-02
   12.5969715      0.4378      2.7431E-02  2.7431E-02
   12.5113659       1.001      3.1953E-02  3.1953E-02
   12.4257603       1.012      3.7094E-02  3.7094E-02
   12.3401546      0.2454      4.2918E-02  4.2918E-02
   12.2545490      0.5591      4.9488E-02  4.9488E-02
   12.1689434      0.5035      5.6872E-02  5.6872E-02
   12.0833378      0.9098      6.5138E-02  6.5138E-02
   11.9977322      0.7669      7.4353E-02  7.4353E-02
   11.9121265      0.2165      8.4586E-02  8.4586E-02
   11.8265209      0.3863      9.5902E-02  9.5902E-02
   11.7409153     -1.0095E-02  0.1084      0.1084    
   11.6553097      0.5197      0.1220      0.1220    
   11.5697041     -0.7632      0.1370      0.1370    
   11.4840984      0.6905      0.1532      0.1532    
   11.3984928      0.2390      0.1708      0.1708    
   11.3128872      0.9704      0.1898      0.1898    
   11.2272816     -0.1383      0.2101      0.2101    
   11.1416759     -0.1242      0.2319      0.2319    
   11.0560703     -0.3806      0.2551      0.2551    
   10.9704647      0.6041      0.2796      0.2796    
   10.8848591       1.085      0.3054      0.3054    
   10.7992535      0.6131      0.3325      0.3325    
   10.7136478      0.1022      0.3608      0.3608    
   10.6280422      0.1687      0.3902      0.3902    
   10.5424366     -0.1891      0.4206      0.4206    
   10.4568310      0.9331      0.4518      0.4518    
   10.3712254      0.6218      0.4837      0.4837    
   10.2856197     -1.4311E-02  0.5160      0.5160    
   10.2000141      0.5785      0.5487      0.5487    
   10.1144085      3.7587E-02  0.5815      0.5815    
   10.0288029       1.164      0.6142      0.6142    
   9.94319725       1.299      0.6465      0.6465    
   9.85759163       1.175      0.6782      0.6782    
   9.77198601      0.3034      0.7091      0.7091    
   9.68638039     -7.6914E-02  0.7389      0.7389    
   9.60077477      0.3304      0.7674      0.7674    
   9.51516914       1.287      0.7942      0.7942    
   9.42956352       1.469      0.8193      0.8193    
   9.34395790      6.8301E-02  0.8422      0.8422    
   9.25835228     -0.1936      0.8629      0.8629    
   9.17274666      0.5382      0.8812      0.8812    
   9.08714104       1.171      0.8967      0.8967    
   9.00153542      0.4267      0.9095      0.9095    
   8.91592979      0.3233      0.9194      0.9194    
   8.83032417      0.3399      0.9262      0.9262    
   8.74471855      0.9859      0.9299      0.9299    
   8.65911293       1.270      0.9305      0.9305    
   8.57350731      0.7495      0.9280      0.9280    
   8.48790169       1.179      0.9223      0.9223    
   8.40229607       2.104      0.9136      0.9136    
   8.31669044       1.929      0.9019      0.9019    
   8.23108482      0.8573      0.8874      0.8874    
   8.14547920       1.235      0.8702      0.8702    
   8.05987358      0.2991      0.8504      0.8504    
   7.97426796      0.9286      0.8283      0.8283    
   7.88866234      0.8804      0.8040      0.8040    
   7.80305672      0.5967      0.7778      0.7778    
   7.71745110       1.216      0.7499      0.7499    
   7.63184547      0.4775      0.7206      0.7206    
   7.54623985      0.7138      0.6901      0.6901    
   7.46063423       1.453      0.6587      0.6587    
   7.37502861      0.2869      0.6265      0.6265    
   7.28942299       1.178      0.5940      0.5940    
   7.20381737      0.8557      0.5612      0.5612    
   7.11821175      0.6903      0.5284      0.5284    
   7.03260612      9.3897E-02  0.4959      0.4959    
   6.94700050      0.6709      0.4638      0.4638    
   6.86139488       1.021      0.4324      0.4324    
   6.77578926      0.1693      0.4017      0.4017    
   6.69018364     -0.2779      0.3719      0.3719    
   6.60457802     -0.3466      0.3432      0.3432    
   6.51897240      0.2176      0.3156      0.3156    
   6.43336678     -8.2604E-02  0.2893      0.2893    
   6.34776115      0.8023      0.2642      0.2642    
   6.26215553     -0.4181      0.2406      0.2406    
   6.17654991      0.2695      0.2183      0.2183    
   6.09094429      0.5410      0.1974      0.1974    
   6.00533867     -0.4573      0.1779      0.1779    
   5.91973305     -0.3516      0.1597      0.1597    
   5.83412743      0.1322      0.1430      0.1430    
   5.74852180     -0.1633      0.1276      0.1276    
   5.66291618      0.5090      0.1134      0.1134    
   5.57731056     -0.8133      0.1005      0.1005    
   5.49170494     -0.3197      8.8761E-02  8.8761E-02
   5.40609932      0.1640      7.8123E-02  7.8123E-02
   5.32049370     -0.1731      6.8529E-02  6.8529E-02
   5.23488808      0.1088      5.9910E-02  5.9910E-02
   5.14928246      0.5981      5.2198E-02  5.2198E-02
   5.06367683     -0.3323      4.5326E-02  4.5326E-02
   4.97807121     -0.3557      3.9226E-02  3.9226E-02
   4.89246559     -0.3972      3.3833E-02  3.3833E-02
   4.80685997      -1.075      2.9083E-02  2.9083E-02
   4.72125435      2.7891E-02  2.4915E-02  2.4915E-02
   4.63564873     -4.2362E-02  2.1273E-02  2.1273E-02
   4.55004311      0.6670      1.8102E-02  1.8102E-02
   4.46443748      0.7035      1.5351E-02  1.5351E-02
   4.37883186      0.1158      1.2975E-02  1.2975E-02
   4.29322624      0.2090      1.0930E-02  1.0930E-02
   4.20762062      0.3695      9.1757E-03  9.1757E-03
   4.12201500      0.2162      7.6772E-03  7.6772E-03
   4.03640938      0.6855      6.4018E-03  6.4018E-03
   3.95080376      0.2042      5.3203E-03  5.3203E-03
   3.86519814     -0.1861      4.4066E-03  4.4066E-03
   3.77959251      -1.330      3.6375E-03  3.6375E-03
   3.69398689     -0.5184      2.9925E-03  2.9925E-03
   3.60838127      0.9956      2.4536E-03  2.4536E-03
   3.52277565      0.4222      2.0049E-03  2.0049E-03
   3.43717003     -0.2836      1.6328E-03  1.6328E-03
   3.35156441     -0.4095      1.3252E-03  1.3252E-03
   3.26595879     -0.9805      1.0720E-03  1.0720E-03
   3.18035316     -0.5764      8.6424E-04  8.6424E-04
   3.09474754      0.3318      6.9439E-04  6.9439E-04
   3.00914192     -0.1050      5.5604E-04  5.5604E-04
   2.92353630     -0.1273      4.4375E-04  4.4375E-04
   2.83793068     -0.7483      3.5295E-04  3.5295E-04
   2.75232506     -0.5253      2.7978E-04  2.7978E-04
   2.66671944     -0.7605      2.2103E-04  2.2103E-04
   2.58111382     -0.1059      1.7403E-04  1.7403E-04
   2.49550819     -0.3178      1.3656E-04  1.3656E-04
   2.40990257     -0.5748      1.0680E-04  1.0680E-04
   2.32429695      -1.314      8.3240E-05  8.3240E-05
   2.23869133     -0.7980      6.4660E-05  6.4660E-05
   2.15308571     -0.4715      5.0058E-05  5.0058E-05
   2.06748009     -0.7532      3.8623E-05  3.8623E-05
   1.98187447     -0.7766      2.9700E-05  2.9700E-05
   1.89626884      0.2005      2.2761E-05  2.2761E-05
   1.81066322      0.4579      1.7385E-05  1.7385E-05
   1.72505760      3.5960E-02  1.3234E-05  1.3234E-05
   1.63945198     -5.0593E-02  1.0040E-05  1.0040E-05
   1.55384636      0.2249      7.5909E-06  7.5909E-06
   1.46824074     -0.1529      5.7200E-06  5.7200E-06
   1.38263512     -0.4027      4.2958E-06  4.2958E-06
   1.29702950     -0.2434      3.2153E-06  3.2153E-06
   1.21142387      0.3157      2.3984E-06  2.3984E-06
   1.12581825      0.4383      1.7831E-06  1.7831E-06
   1.04021263      0.4186      1.3211E-06  1.3211E-06
  0.954607010     -0.2180      9.7556E-07  9.7556E-07
  0.869001389     -0.1562      7.1796E-07  7.1796E-07
  0.783395767      0.1968      5.2659E-07  5.2659E-07
  0.697790146     -0.4203      3.8494E-07  3.8494E-07
  0.612184525      3.7562E-02  2.8044E-07  2.8044E-07
  0.526578903     -5.7425E-02  2.0362E-07  2.0362E-07
  0.440973282      1.7322E-02  1.4734E-07  1.4734E-07
  0.355367661      0.2216      1.0626E-07  1.0626E-07
  0.269762039      0.3808       0.000       0.000    
  0.184156418      0.4023       0.000       0.000    
  9.855079651E-02  1.6807E-02   0.000       0.000    
  1.294517517E-02  0.2928       0.000       0.000    
 -7.266044617E-02 -4.7023E-03   0.000       0.000    
 -0.158266068     -0.1853       0.000       0.000    
 -0.243871689      9.7254E-02   0.000       0.000    
 -0.329477310      -1.324       0.000       0.000    
 -0.415082932     -0.7814       0.000       0.000    
 -0.500688553      0.1027       0.000       0.000    
 -0.586294174     -0.3502       0.000       0.000    
 -0.671899796     -0.2219       0.000       0.000    
 -0.757505417     -0.2245       0.000       0.000    
 -0.843111038      0.1772       0.000       0.000    
 -0.928716660      9.5764E-02   0.000       0.000    
  -1.01432228     -5.2990E-02   0.000       0.000    
  -1.09992790      0.4138       0.000       0.000    
  -1.18553352      0.2871       0.000       0.000    
  -1.27113914      0.6346       0.000       0.000    
  -1.35674477     -2.7530E-02   0.000       0.000    
  -1.44235039      0.7609       0.000       0.000    
  -1.52795601     -0.4476       0.000       0.000    
