   15.3216085      0.2491       0.000       0.000       0.000    
   15.2405167      0.2339      1.6543E-07   0.000      1.6543E-07
   15.1594248     -8.1844E-03  2.4142E-07   0.000      2.4142E-07
   15.0783329      0.1856      3.5070E-07   0.000      3.5070E-07
   14.9972410      0.2329      5.0710E-07   0.000      5.0710E-07
   14.9161491      8.1017E-03  7.2986E-07   0.000      7.2986E-07
   14.8350573     -0.3031      1.0456E-06   0.000      1.0456E-06
   14.7539654     -0.2345      1.4911E-06   0.000      1.4911E-06
   14.6728735     -0.2141      2.1166E-06   0.000      2.1166E-06
   14.5917816     -0.2460      2.9905E-06   0.000      2.9905E-06
   14.5106897      0.3298      4.2059E-06   0.000      4.2059E-06
   14.4295979     -0.3948      5.8879E-06   0.000      5.8879E-06
   14.3485060      -1.210      8.2045E-06   0.000      8.2045E-06
   14.2674141      0.4246      1.1380E-05   0.000      1.1380E-05
   14.1863222     -0.9498      1.5712E-05   0.000      1.5712E-05
   14.1052303      0.2410      2.1592E-05   0.000      2.1592E-05
   14.0241385      7.8731E-02  2.9537E-05   0.000      2.9537E-05
   13.9430466      0.2668      4.0218E-05   0.000      4.0218E-05
   13.8619547      0.5571      5.4510E-05   0.000      5.4510E-05
   13.7808628     -0.3964      7.3540E-05   0.000      7.3540E-05
   13.6997709      4.6613E-02  9.8755E-05   0.000      9.8755E-05
   13.6186790     -0.3735      1.3200E-04   0.000      1.3200E-04
   13.5375872     -0.1982      1.7564E-04   0.000      1.7564E-04
   13.4564953      6.3077E-02  2.3261E-04   0.000      2.3261E-04
   13.3754034     -0.1732      3.0665E-04   0.000      3.0665E-04
   13.2943115      0.3662      4.0238E-04   0.000      4.0238E-04
   13.2132196      0.4604      5.2558E-04   0.000      5.2558E-04
   13.1321278     -0.3513      6.8332E-04   0.000      6.8332E-04
   13.0510359      6.9629E-02  8.8431E-04   0.000      8.8431E-04
   12.9699440     -0.7047      1.1391E-03   0.000      1.1391E-03
   12.8888521      0.3742      1.4606E-03   0.000      1.4606E-03
   12.8077602     -0.5207      1.8642E-03   0.000      1.8642E-03
   12.7266684     -0.1521      2.3684E-03   0.000      2.3684E-03
   12.6455765      0.2495      2.9950E-03   0.000      2.9950E-03
   12.5644846      5.6467E-03  3.7700E-03   0.000      3.7700E-03
   12.4833927     -5.8957E-02  4.7235E-03   0.000      4.7235E-03
   12.4023008      0.4614      5.8910E-03   0.000      5.8910E-03
   12.3212090     -6.8101E-02  7.3132E-03   0.000      7.3132E-03
   12.2401171     -0.7499      9.0368E-03   0.000      9.0368E-03
   12.1590252     -0.8275      1.1115E-02   0.000      1.1115E-02
   12.0779333     -0.7163      1.3609E-02   0.000      1.3609E-02
   11.9968414     -0.4744      1.6584E-02   0.000      1.6584E-02
   11.9157495     -0.3354      2.0118E-02   0.000      2.0118E-02
   11.8346577      0.3232      2.4291E-02   0.000      2.4291E-02
   11.7535658     -0.6491      2.9196E-02   0.000      2.9196E-02
   11.6724739     -0.6971      3.4928E-02   0.000      3.4928E-02
   11.5913820      0.1060      4.1594E-02   0.000      4.1594E-02
   11.5102901       1.152      4.9303E-02   0.000      4.9303E-02
   11.4291983       1.118      5.8172E-02   0.000      5.8172E-02
   11.3481064      3.1185E-02  6.8319E-02   0.000      6.8319E-02
   11.2670145     -0.5049      7.9867E-02   0.000      7.9867E-02
   11.1859226     -1.8001E-02  9.2935E-02   0.000      9.2935E-02
   11.1048307     -0.2246      0.1076       0.000      0.1076    
   11.0237389     -0.1994      0.1241       0.000      0.1241    
   10.9426470     -0.5676      0.1424       0.000      0.1424    
   10.8615551      0.3768      0.1627       0.000      0.1627    
   10.7804632       1.058      0.1850       0.000      0.1850    
   10.6993713     -0.7868      0.2094       0.000      0.2094    
   10.6182795      0.3062      0.2359       0.000      0.2359    
   10.5371876      0.3365      0.2645       0.000      0.2645    
   10.4560957      0.7343      0.2953       0.000      0.2953    
   10.3750038      0.1899      0.3281       0.000      0.3281    
   10.2939119      5.9367E-02  0.3628       0.000      0.3628    
   10.2128201      0.9964      0.3994       0.000      0.3994    
   10.1317282      0.7132      0.4377       0.000      0.4377    
   10.0506363      0.9052      0.4774       0.000      0.4774    
   9.96954441      0.5220      0.5183       0.000      0.5183    
   9.88845253     -0.2192      0.5601       0.000      0.5601    
   9.80736065      0.2374      0.6025       0.000      0.6025    
   9.72626877      0.4669      0.6451       0.000      0.6451    
   9.64517689       1.060      0.6876       0.000      0.6876    
   9.56408501      0.7069      0.7294       0.000      0.7294    
   9.48299313       1.418      0.7703       0.000      0.7703    
   9.40190125       1.103      0.8097       0.000      0.8097    
   9.32080936      0.4713      0.8472       0.000      0.8472    
   9.23971748      0.6743      0.8823       0.000      0.8823    
   9.15862560      0.5581      0.9146      2.8219E-07  0.9146    
   9.07753372      0.6467      0.9438      4.4029E-07  0.9438    
   8.99644184       1.321      0.9694      6.8257E-07  0.9694    
   8.91534996       1.749      0.9911      1.0514E-06  0.9911    
   8.83425808      0.3460       1.009      1.6092E-06   1.009    
   8.75316620      0.6134       1.022      2.4472E-06   1.022    
   8.67207432      0.9554       1.030      3.6977E-06   1.030    
   8.59098244      0.7878       1.034      5.5516E-06   1.034    
   8.50989056       1.242       1.033      8.2816E-06   1.033    
   8.42879868       2.050       1.027      1.2275E-05   1.027    
   8.34770679       1.386       1.017      1.8078E-05   1.017    
   8.26661491       1.363       1.002      2.6455E-05   1.002    
   8.18552303       1.644      0.9825      3.8465E-05  0.9825    
   8.10443115       1.219      0.9592      5.5570E-05  0.9591    
   8.02333927      0.7420      0.9321      7.9769E-05  0.9320    
   7.94224739      5.6563E-02  0.9016      1.1377E-04  0.9015    
   7.86115551      0.2212      0.8681      1.6124E-04  0.8679    
   7.78006363      0.3641      0.8320      2.2704E-04  0.8317    
   7.69897175       1.372      0.7937      3.1766E-04  0.7934    
   7.61787987     -0.6443      0.7538      4.4160E-04  0.7533    
   7.53678799      3.5174E-02  0.7126      6.0997E-04  0.7120    
   7.45569611      0.6677      0.6707      8.3716E-04  0.6698    
   7.37460423     -0.1641      0.6284      1.1416E-03  0.6273    
   7.29351234       1.967      0.5862      1.5469E-03  0.5847    
   7.21242046      0.9402      0.5446      2.0826E-03  0.5425    
   7.13132858      0.8742      0.5038      2.7859E-03  0.5010    
   7.05023670      0.9357      0.4643      3.7029E-03  0.4606    
   6.96914482       1.057      0.4263      4.8902E-03  0.4214    
   6.88805294     -0.1153      0.3903      6.4171E-03  0.3839    
   6.80696106     -0.4915      0.3564      8.3668E-03  0.3480    
   6.72586918      0.2044      0.3249      1.0839E-02  0.3141    
   6.64477730      0.1924      0.2961      1.3952E-02  0.2821    
   6.56368542     -0.2753      0.2701      1.7845E-02  0.2523    
   6.48259354      0.9119      0.2472      2.2678E-02  0.2245    
   6.40150166      0.5607      0.2275      2.8635E-02  0.1989    
   6.32040977      0.4064      0.2113      3.5927E-02  0.1754    
   6.23931789      0.1871      0.1987      4.4786E-02  0.1540    
   6.15822601       1.154      0.1900      5.5474E-02  0.1345    
   6.07713413      0.8463      0.1853      6.8274E-02  0.1170    
   5.99604225       1.319      0.1848      8.3489E-02  0.1013    
   5.91495037     -9.1178E-02  0.1887      0.1014      8.7267E-02
   5.83385849      0.4630      0.1973      0.1225      7.4850E-02
   5.75276661      0.1590      0.2108      0.1469      6.3904E-02
   5.67167473     -0.3161      0.2294      0.1751      5.4307E-02
   5.59058285     -0.4819      0.2533      0.2074      4.5939E-02
   5.50949097     -0.5007      0.2827      0.2440      3.8681E-02
   5.42839909     -0.6225      0.3177      0.2853      3.2419E-02
   5.34730721      0.2898      0.3585      0.3314      2.7046E-02
   5.26621532      0.2170      0.4050      0.3826      2.2459E-02
   5.18512344      0.2648      0.4573      0.4388      1.8564E-02
   5.10403156      3.1234E-02  0.5153      0.5000      1.5274E-02
   5.02293968      0.6655      0.5787      0.5662      1.2509E-02
   4.94184780       1.888      0.6472      0.6370      1.0198E-02
   4.86075592       1.210      0.7203      0.7120      8.2747E-03
   4.77966404       1.209      0.7976      0.7909      6.6835E-03
   4.69857216       1.018      0.8782      0.8728      5.3733E-03
   4.61748028     -4.4249E-02  0.9614      0.9571      4.3001E-03
   4.53638840      0.9274       1.046       1.043      3.4254E-03
   4.45529652       1.823       1.132       1.129      2.7160E-03
   4.37420464       1.572       1.217       1.214      2.1436E-03
   4.29311275       1.760       1.300       1.298      1.6840E-03
   4.21202087       2.620       1.380       1.378      1.3169E-03
   4.13092899      0.7025       1.456       1.455      1.0250E-03
   4.04983711       1.021       1.526       1.525      7.9420E-04
   3.96874523       1.339       1.589       1.589      6.1250E-04
   3.88765335      0.9938       1.645       1.644      4.7020E-04
   3.80656147       1.550       1.692       1.691      3.5929E-04
   3.72546959       1.778       1.728       1.728      2.7328E-04
   3.64437771       1.338       1.755       1.755      2.0689E-04
   3.56328583       1.515       1.771       1.770      1.5592E-04
   3.48219395       1.145       1.775       1.775      1.1696E-04
   3.40110207       2.159       1.768       1.768      8.7329E-05
   3.32001019       2.334       1.749       1.749      6.4905E-05
   3.23891830       1.954       1.720       1.720      4.8017E-05
   3.15782642       1.080       1.681       1.681      3.5359E-05
   3.07673454       2.718       1.632       1.632      2.5918E-05
   2.99564266       1.640       1.574       1.574      1.8910E-05
   2.91455078      0.9359       1.508       1.508      1.3733E-05
   2.83345890      0.6145       1.436       1.436      9.9278E-06
   2.75236702       1.568       1.359       1.359      7.1437E-06
   2.67127514       2.176       1.278       1.278      5.1167E-06
   2.59018326       2.037       1.194       1.194      3.6479E-06
   2.50909138       1.552       1.108       1.108      2.5888E-06
   2.42799950       1.632       1.022       1.022      1.8287E-06
   2.34690762      0.4469      0.9364      0.9364      1.2858E-06
   2.26581573      0.2949      0.8526      0.8526      8.9991E-07
   2.18472385     -8.3404E-02  0.7713      0.7713      6.2693E-07
   2.10363197      0.7646      0.6934      0.6934      4.3475E-07
   2.02254009       1.185      0.6193      0.6193      3.0008E-07
   1.94144821      0.2339      0.5496      0.5496      2.0618E-07
   1.86035633      0.4175      0.4846      0.4846      1.4100E-07
   1.77926445      6.8843E-02  0.4246      0.4246       0.000    
   1.69817257     -0.2050      0.3696      0.3696       0.000    
   1.61708069     -0.2912      0.3197      0.3197       0.000    
   1.53598881      0.1765      0.2748      0.2748       0.000    
   1.45489693      0.2569      0.2346      0.2346       0.000    
   1.37380505     -0.5315      0.1991      0.1991       0.000    
   1.29271317      0.3647      0.1679      0.1679       0.000    
   1.21162128     -0.3667      0.1406      0.1406       0.000    
   1.13052940      0.8955      0.1170      0.1170       0.000    
   1.04943752      0.7903      9.6790E-02  9.6790E-02   0.000    
  0.968345642      0.7371      7.9535E-02  7.9535E-02   0.000    
  0.887253761      0.2486      6.4938E-02  6.4938E-02   0.000    
  0.806161880      0.7611      5.2682E-02  5.2682E-02   0.000    
  0.725070000      0.5332      4.2466E-02  4.2466E-02   0.000    
  0.643978119      0.2787      3.4012E-02  3.4012E-02   0.000    
  0.562886238      0.5611      2.7067E-02  2.7067E-02   0.000    
  0.481794357      0.2856      2.1402E-02  2.1402E-02   0.000    
  0.400702477      0.4207      1.6815E-02  1.6815E-02   0.000    
  0.319610596     -0.3343      1.3126E-02  1.3126E-02   0.000    
  0.238518715     -0.3334      1.0181E-02  1.0181E-02   0.000    
  0.157426834     -0.1290      7.8468E-03  7.8468E-03   0.000    
  7.633495331E-02  0.8407      6.0088E-03  6.0088E-03   0.000    
 -4.756927490E-03 -0.3171      4.5720E-03  4.5720E-03   0.000    
 -8.584880829E-02 -7.0978E-03  3.4564E-03  3.4564E-03   0.000    
 -0.166940689     -4.7284E-02  2.5964E-03  2.5964E-03   0.000    
 -0.248032570     -0.3860      1.9379E-03  1.9379E-03   0.000    
 -0.329124451      0.3337      1.4372E-03  1.4372E-03   0.000    
 -0.410216331      0.5036      1.0590E-03  1.0590E-03   0.000    
 -0.491308212      0.1820      7.7536E-04  7.7536E-04   0.000    
 -0.572400093     -0.9965      5.6406E-04  5.6406E-04   0.000    
 -0.653491974      0.6035      4.0772E-04  4.0772E-04   0.000    
 -0.734583855      0.1939      2.9283E-04  2.9283E-04   0.000    
 -0.815675735      0.2539      2.0897E-04  2.0897E-04   0.000    
 -0.896767616      0.7090      1.4817E-04  1.4817E-04   0.000    
 -0.977859497     -0.6104      1.0439E-04  1.0439E-04   0.000    
  -1.05895138     -0.1095      7.3075E-05  7.3075E-05   0.000    
  -1.14004326     -0.3945      5.0828E-05  5.0828E-05   0.000    
  -1.22113514      6.2418E-02  3.5127E-05  3.5127E-05   0.000    
  -1.30222702      0.6664      2.4121E-05  2.4121E-05   0.000    
  -1.38331890     -0.2207      1.6458E-05  1.6458E-05   0.000    
  -1.46441078      0.7673      1.1157E-05  1.1157E-05   0.000    
  -1.54550266     -0.8273      7.5157E-06  7.5157E-06   0.000    
  -1.62659454     -0.3045      5.0303E-06  5.0303E-06   0.000    
  -1.70768642     -0.2685      3.3452E-06  3.3452E-06   0.000    
  -1.78877831     -0.6194      2.2104E-06  2.2104E-06   0.000    
  -1.86987019      0.3534      1.4513E-06  1.4513E-06   0.000    
  -1.95096207     -0.6111      9.4673E-07  9.4673E-07   0.000    
  -2.03205395     -0.8121      6.1366E-07  6.1366E-07   0.000    
  -2.11314583      -1.186      3.9522E-07  3.9522E-07   0.000    
  -2.19423771      -1.421      2.5291E-07  2.5291E-07   0.000    
  -2.27532959      -1.127       0.000       0.000       0.000    
  -2.35642147     -0.2857       0.000       0.000       0.000    
  -2.43751335      0.7539       0.000       0.000       0.000    
  -2.51860523      0.4035       0.000       0.000       0.000    
  -2.59969711      3.1113E-02   0.000       0.000       0.000    
  -2.68078899     -4.4433E-02   0.000       0.000       0.000    
  -2.76188087      0.6044       0.000       0.000       0.000    
  -2.84297276      0.8005       0.000       0.000       0.000    
  -2.92406464      0.2634       0.000       0.000       0.000    
  -3.00515652     -0.6854       0.000       0.000       0.000    
  -3.08624840      2.9061E-02   0.000       0.000       0.000    
  -3.16734028      9.8409E-02   0.000       0.000       0.000    
  -3.24843216      0.1247       0.000       0.000       0.000    
  -3.32952404      0.2456       0.000       0.000       0.000    
  -3.41061592      0.3062       0.000       0.000       0.000    
  -3.49170780     -1.8668E-02   0.000       0.000       0.000    
  -3.57279968      0.8075       0.000       0.000       0.000    
  -3.65389156      0.3971       0.000       0.000       0.000    
  -3.73498344     -0.5918       0.000       0.000       0.000    
  -3.81607533      0.4069       0.000       0.000       0.000    
  -3.89716721     -0.2349       0.000       0.000       0.000    
  -3.97825909      6.9443E-03   0.000       0.000       0.000    
  -4.05935097     -0.3333       0.000       0.000       0.000    
  -4.14044285     -4.1936E-02   0.000       0.000       0.000    
  -4.22153473      0.4211       0.000       0.000       0.000    
  -4.30262661      0.1044       0.000       0.000       0.000    
  -4.38371849     -0.5602       0.000       0.000       0.000    
  -4.46481037      -1.035       0.000       0.000       0.000    
  -4.54590225     -0.9589       0.000       0.000       0.000    
  -4.62699413     -0.4774       0.000       0.000       0.000    
  -4.70808601      0.1721       0.000       0.000       0.000    
