   48.5678072      8.9533E-02   0.000       0.000       0.000    
   45.8007174      8.2948E-03   0.000       0.000       0.000    
   43.0336275     -0.1081       0.000       0.000       0.000    
   40.2665377     -0.1163       0.000       0.000       0.000    
   37.4994478      4.0243E-02   0.000       0.000       0.000    
   34.7323580      6.0388E-03   0.000       0.000       0.000    
   31.9652681     -0.1405       0.000       0.000       0.000    
   29.1981783     -4.1667E-02   0.000       0.000       0.000    
   26.4310884     -0.1559       0.000       0.000       0.000    
   23.6639986     -1.0970E-02   0.000       0.000       0.000    
   20.8969088     -1.7431E-02   0.000       0.000       0.000    
   18.1298189     -3.4452E-02  3.4699E-05   0.000      3.4699E-05
   15.3627291     -3.4684E-02  8.5658E-03  9.2286E-07  8.5649E-03
   12.5956392      0.1864      0.1932      1.3039E-04  0.1930    
   9.82854939      0.4062      0.4024      5.2331E-03  0.3972    
   7.06145954      0.1371      0.1343      5.9660E-02  7.4631E-02
   4.29436970      0.1790      0.1945      0.1932      1.2803E-03
   1.52727985      0.1910      0.1777      0.1777      2.0054E-06
  -1.23980999      3.8312E-02  4.6437E-02  4.6437E-02   0.000    
  -4.00689983     -6.8774E-02  3.4466E-03  3.4466E-03   0.000    
  -6.77398968     -0.2109      7.2666E-05  7.2666E-05   0.000    
  -9.54107952     -0.1852      4.3518E-07  4.3518E-07   0.000    
  -12.3081694     -4.7696E-02   0.000       0.000       0.000    
  -15.0752592     -8.4966E-02   0.000       0.000       0.000    
  -17.8423491     -8.5029E-02   0.000       0.000       0.000    
  -20.6094389     -7.7524E-02   0.000       0.000       0.000    
  -23.3765287     -7.8408E-02   0.000       0.000       0.000    
  -26.1436186      3.4965E-02   0.000       0.000       0.000    
  -28.9107084      2.0081E-02   0.000       0.000       0.000    
  -31.6777983     -4.4772E-02   0.000       0.000       0.000    
