   14.4800119     -0.1337       0.000       0.000    
   14.3989153      0.5703       0.000       0.000    
   14.3178186      5.0399E-02   0.000       0.000    
   14.2367220      0.3454       0.000       0.000    
   14.1556253      0.2477       0.000       0.000    
   14.0745287     -0.1370       0.000       0.000    
   13.9934320      0.2463       0.000       0.000    
   13.9123354      7.2755E-02   0.000       0.000    
   13.8312387     -0.3441       0.000       0.000    
   13.7501421     -9.7952E-02   0.000       0.000    
   13.6690454      -1.307       0.000       0.000    
   13.5879488      -1.420       0.000       0.000    
   13.5068521      0.5109       0.000       0.000    
   13.4257555     -0.1999       0.000       0.000    
   13.3446589     -0.1504       0.000       0.000    
   13.2635622     -0.3837       0.000       0.000    
   13.1824656     -0.1695       0.000       0.000    
   13.1013689      -1.433       0.000       0.000    
   13.0202723      0.2829       0.000       0.000    
   12.9391756       1.164       0.000       0.000    
   12.8580790      0.2688       0.000       0.000    
   12.7769823     -0.5371       0.000       0.000    
   12.6958857      0.4855       0.000       0.000    
   12.6147890      0.6559       0.000       0.000    
   12.5336924      4.6699E-02   0.000       0.000    
   12.4525957     -7.6047E-02   0.000       0.000    
   12.3714991     -0.6447       0.000       0.000    
   12.2904024     -6.8013E-02   0.000       0.000    
   12.2093058     -0.2764       0.000       0.000    
   12.1282091      9.7319E-02   0.000       0.000    
   12.0471125     -0.9802       0.000       0.000    
   11.9660158     -0.9654       0.000       0.000    
   11.8849192     -0.9647       0.000       0.000    
   11.8038225      0.1738       0.000       0.000    
   11.7227259      0.1314       0.000       0.000    
   11.6416292      0.7665       0.000       0.000    
   11.5605326      0.9814       0.000       0.000    
   11.4794359      0.1672       0.000       0.000    
   11.3983393      -1.081       0.000       0.000    
   11.3172426     -0.2738       0.000       0.000    
   11.2361460      0.5207       0.000       0.000    
   11.1550493      0.6387       0.000       0.000    
   11.0739527     -0.2144       0.000       0.000    
   10.9928560     -9.5226E-02   0.000       0.000    
   10.9117594     -0.7980       0.000       0.000    
   10.8306627     -0.5920       0.000       0.000    
   10.7495661     -0.7537       0.000       0.000    
   10.6684694     -0.5101       0.000       0.000    
   10.5873728      0.9942       0.000       0.000    
   10.5062761      0.2047       0.000       0.000    
   10.4251795      0.5373       0.000       0.000    
   10.3440828       1.075       0.000       0.000    
   10.2629862      8.4923E-02   0.000       0.000    
   10.1818895      0.3736       0.000       0.000    
   10.1007929     -0.1585       0.000       0.000    
   10.0196962     -0.1943       0.000       0.000    
   9.93859959     -0.1821       0.000       0.000    
   9.85750294      0.5164       0.000       0.000    
   9.77640629     -0.1156       0.000       0.000    
   9.69530964      -1.373       0.000       0.000    
   9.61421299     -0.6737       0.000       0.000    
   9.53311634      0.3989       0.000       0.000    
   9.45201969      0.4211       0.000       0.000    
   9.37092304     -3.1298E-02   0.000       0.000    
   9.28982639     -0.3287       0.000       0.000    
   9.20872974      0.2893       0.000       0.000    
   9.12763309     -0.2956       0.000       0.000    
   9.04653645     -0.8152       0.000       0.000    
   8.96543980      0.5894       0.000       0.000    
   8.88434315     -0.5833       0.000       0.000    
   8.80324650      3.5784E-02   0.000       0.000    
   8.72214985     -9.2082E-02   0.000       0.000    
   8.64105320      0.3997       0.000       0.000    
   8.55995655     -0.6329       0.000       0.000    
   8.47885990      0.1998       0.000       0.000    
   8.39776325      0.2375       0.000       0.000    
   8.31666660     -0.4791       0.000       0.000    
   8.23556995     -0.3683       0.000       0.000    
   8.15447330      0.3648       0.000       0.000    
   8.07337666     -0.3784       0.000       0.000    
   7.99228001      0.2501       0.000       0.000    
   7.91118336      0.5777       0.000       0.000    
   7.83008671      0.4678       0.000       0.000    
   7.74899006     -0.4575       0.000       0.000    
   7.66789341      0.1947       0.000       0.000    
   7.58679676      0.3199       0.000       0.000    
   7.50570011      0.2263       0.000       0.000    
   7.42460346      0.7722       0.000       0.000    
   7.34350681      0.2011       0.000       0.000    
   7.26241016      0.4585      7.8653E-07  7.8653E-07
   7.18131351       1.038      1.9811E-06  1.9811E-06
   7.10021687      0.7131      4.8489E-06  4.8489E-06
   7.01912022      1.7941E-03  1.1532E-05  1.1532E-05
   6.93802357      0.4499      2.6648E-05  2.6648E-05
   6.85692692     -0.3661      5.9836E-05  5.9836E-05
   6.77583027      0.1755      1.3055E-04  1.3055E-04
   6.69473362       1.029      2.7678E-04  2.7678E-04
   6.61363697       1.062      5.7019E-04  5.7019E-04
   6.53254032      0.1005      1.1413E-03  1.1413E-03
   6.45144367     -3.4197E-03  2.2199E-03  2.2199E-03
   6.37034702      0.5499      4.1956E-03  4.1956E-03
   6.28925037      0.8886      7.7050E-03  7.7050E-03
   6.20815372      0.6131      1.3749E-02  1.3749E-02
   6.12705708       1.300      2.3840E-02  2.3840E-02
   6.04596043      0.7986      4.0165E-02  4.0165E-02
   5.96486378     -0.5200      6.5755E-02  6.5755E-02
   5.88376713      0.8836      0.1046      0.1046    
   5.80267048      0.9074      0.1617      0.1617    
   5.72157383       1.645      0.2428      0.2428    
   5.64047718       1.309      0.3544      0.3544    
   5.55938053     -0.3205      0.5026      0.5026    
   5.47828388      0.2806      0.6925      0.6925    
   5.39718723      0.3646      0.9272      0.9272    
   5.31609058      0.1177       1.206       1.206    
   5.23499393       1.375       1.525       1.525    
   5.15389729       2.957       1.873       1.873    
   5.07280064       2.121       2.236       2.236    
   4.99170399       2.679       2.593       2.593    
   4.91060734       3.722       2.922       2.922    
   4.82951069       3.072       3.200       3.200    
   4.74841404       2.613       3.405       3.405    
   4.66731739       2.988       3.520       3.520    
   4.58622074       3.301       3.537       3.537    
   4.50512409       3.508       3.453       3.453    
   4.42402744       3.520       3.275       3.275    
   4.34293079       4.239       3.018       3.018    
   4.26183414       3.092       2.703       2.703    
   4.18073750       2.259       2.352       2.352    
   4.09964085       2.189       1.989       1.989    
   4.01854420      0.9736       1.634       1.634    
   3.93744755     -0.1401       1.305       1.305    
   3.85635090       1.038       1.012       1.012    
   3.77525425      0.8905      0.7631      0.7631    
   3.69415760      0.5790      0.5589      0.5589    
   3.61306095      0.6084      0.3978      0.3978    
   3.53196430      0.5005      0.2751      0.2751    
   3.45086765     -0.2049      0.1849      0.1849    
   3.36977100      0.1523      0.1207      0.1207    
   3.28867435      0.8419      7.6584E-02  7.6584E-02
   3.20757771       1.799      4.7214E-02  4.7214E-02
   3.12648106      0.7787      2.8284E-02  2.8284E-02
   3.04538441      0.5077      1.6463E-02  1.6463E-02
   2.96428776     -0.4741      9.3117E-03  9.3117E-03
   2.88319111      0.2799      5.1176E-03  5.1176E-03
   2.80209446      0.8901      2.7329E-03  2.7329E-03
   2.72099781      0.9128      1.4181E-03  1.4181E-03
   2.63990116      0.7632      7.1503E-04  7.1503E-04
   2.55880451      4.1709E-02  3.5032E-04  3.5032E-04
   2.47770786     -0.9674      1.6677E-04  1.6677E-04
   2.39661121      0.4500      7.7146E-05  7.7146E-05
   2.31551456      0.1579      3.4676E-05  3.4676E-05
   2.23441792     -0.8200      1.5145E-05  1.5145E-05
   2.15332127      -1.005      6.4273E-06  6.4273E-06
   2.07222462     -0.4226      2.6504E-06  2.6504E-06
   1.99112797      0.1707      1.0620E-06  1.0620E-06
   1.91003132     -0.1439      4.1349E-07  4.1349E-07
   1.82893467     -4.2395E-03   0.000       0.000    
   1.74783802      0.6592       0.000       0.000    
   1.66674137      0.3962       0.000       0.000    
   1.58564472     -0.4578       0.000       0.000    
   1.50454807     -0.8098       0.000       0.000    
   1.42345142      0.1278       0.000       0.000    
   1.34235477      -1.273       0.000       0.000    
   1.26125813     -0.1716       0.000       0.000    
   1.18016148      0.6686       0.000       0.000    
   1.09906483      0.7333       0.000       0.000    
   1.01796818      0.1462       0.000       0.000    
  0.936871529     -0.8684       0.000       0.000    
  0.855774879     -0.6996       0.000       0.000    
  0.774678230     -0.1778       0.000       0.000    
  0.693581581      0.6439       0.000       0.000    
  0.612484932     -0.9507       0.000       0.000    
  0.531388283     -0.6433       0.000       0.000    
  0.450291634     -0.7093       0.000       0.000    
  0.369194984     -0.4957       0.000       0.000    
  0.288098335      0.5385       0.000       0.000    
  0.207001686       1.199       0.000       0.000    
  0.125905037      0.8260       0.000       0.000    
  4.480838776E-02  0.9455       0.000       0.000    
 -3.628826141E-02  0.2297       0.000       0.000    
 -0.117384911     -9.6565E-02   0.000       0.000    
 -0.198481560      0.1127       0.000       0.000    
 -0.279578209     -0.6513       0.000       0.000    
 -0.360674858     -0.4929       0.000       0.000    
 -0.441771507      0.5046       0.000       0.000    
 -0.522868156      0.6512       0.000       0.000    
 -0.603964806     -0.6086       0.000       0.000    
 -0.685061455     -0.3911       0.000       0.000    
 -0.766158104      0.6963       0.000       0.000    
 -0.847254753     -0.4118       0.000       0.000    
 -0.928351402     -0.3391       0.000       0.000    
  -1.00944805      6.1027E-02   0.000       0.000    
  -1.09054470     -0.1303       0.000       0.000    
  -1.17164135      0.2732       0.000       0.000    
  -1.25273800      0.1021       0.000       0.000    
  -1.33383465     -0.2822       0.000       0.000    
  -1.41493130      8.6897E-02   0.000       0.000    
  -1.49602795      0.5601       0.000       0.000    
  -1.57712460     -0.4723       0.000       0.000    
  -1.65822124     -0.8829       0.000       0.000    
  -1.73931789      0.4162       0.000       0.000    
  -1.82041454      0.5741       0.000       0.000    
  -1.90151119      0.1147       0.000       0.000    
  -1.98260784      8.8823E-02   0.000       0.000    
  -2.06370449     -0.1543       0.000       0.000    
  -2.14480114      0.1861       0.000       0.000    
  -2.22589779      0.2211       0.000       0.000    
  -2.30699444     -0.2573       0.000       0.000    
  -2.38809109      2.9920E-04   0.000       0.000    
  -2.46918774      0.5755       0.000       0.000    
  -2.55028439      0.1451       0.000       0.000    
  -2.63138103     -1.3459E-02   0.000       0.000    
  -2.71247768      0.2221       0.000       0.000    
  -2.79357433      0.3919       0.000       0.000    
  -2.87467098      -1.053       0.000       0.000    
  -2.95576763     -0.5114       0.000       0.000    
  -3.03686428     -0.4310       0.000       0.000    
  -3.11796093      1.9725E-02   0.000       0.000    
  -3.19905758      0.6972       0.000       0.000    
  -3.28015423      0.7197       0.000       0.000    
  -3.36125088     -0.2846       0.000       0.000    
  -3.44234753     -0.8500       0.000       0.000    
  -3.52344418      -1.130       0.000       0.000    
  -3.60454082      0.5253       0.000       0.000    
  -3.68563747      0.4017       0.000       0.000    
  -3.76673412      4.1873E-02   0.000       0.000    
  -3.84783077     -0.5867       0.000       0.000    
  -3.92892742      0.2662       0.000       0.000    
  -4.01002407      0.5232       0.000       0.000    
  -4.09112072      0.6665       0.000       0.000    
  -4.17221737     -9.1008E-03   0.000       0.000    
  -4.25331402      0.8151       0.000       0.000    
  -4.33441067     -0.3208       0.000       0.000    
  -4.41550732      2.7327E-02   0.000       0.000    
  -4.49660397     -0.3295       0.000       0.000    
  -4.57770061      0.1545       0.000       0.000    
  -4.65879726      0.9767       0.000       0.000    
  -4.73989391       1.324       0.000       0.000    
  -4.82099056       1.052       0.000       0.000    
  -4.90208721      0.8704       0.000       0.000    
  -4.98318386      0.2580       0.000       0.000    
  -5.06428051     -0.6829       0.000       0.000    
  -5.14537716      0.1191       0.000       0.000    
  -5.22647381      0.1486       0.000       0.000    
  -5.30757046       1.141       0.000       0.000    
  -5.38866711      0.7338       0.000       0.000    
  -5.46976376      0.2127       0.000       0.000    
