   18.1242342      0.8166      8.1837E-07   0.000      8.1837E-07
   18.0431414      0.1114      1.1028E-06   0.000      1.1028E-06
   17.9620485     -0.1258      1.4818E-06   0.000      1.4818E-06
   17.8809557      0.2339      1.9853E-06   0.000      1.9853E-06
   17.7998629       1.305      2.6520E-06   0.000      2.6520E-06
   17.7187700     -0.2826      3.5322E-06   0.000      3.5322E-06
   17.6376772     -0.4084      4.6909E-06   0.000      4.6909E-06
   17.5565844     -8.8147E-02  6.2116E-06   0.000      6.2116E-06
   17.4754915     -0.2497      8.2012E-06   0.000      8.2012E-06
   17.3943987     -0.4608      1.0796E-05   0.000      1.0796E-05
   17.3133059      0.1226      1.4171E-05   0.000      1.4171E-05
   17.2322130      0.2764      1.8547E-05   0.000      1.8547E-05
   17.1511202      0.6287      2.4203E-05   0.000      2.4203E-05
   17.0700274     -2.6564E-03  3.1491E-05   0.000      3.1491E-05
   16.9889345      0.5636      4.0855E-05   0.000      4.0855E-05
   16.9078417      0.2557      5.2848E-05   0.000      5.2848E-05
   16.8267488      0.4091      6.8163E-05   0.000      6.8163E-05
   16.7456560     -4.0734E-02  8.7658E-05   0.000      8.7658E-05
   16.6645632      0.3343      1.1240E-04   0.000      1.1240E-04
   16.5834703     -3.3218E-03  1.4371E-04   0.000      1.4371E-04
   16.5023775     -0.1224      1.8319E-04   0.000      1.8319E-04
   16.4212847      0.6197      2.3285E-04   0.000      2.3285E-04
   16.3401918      6.3437E-02  2.9511E-04   0.000      2.9511E-04
   16.2590990     -8.2869E-02  3.7291E-04   0.000      3.7291E-04
   16.1780062      0.2313      4.6986E-04   0.000      4.6986E-04
   16.0969133     -0.9637      5.9027E-04   0.000      5.9027E-04
   16.0158205      -1.055      7.3939E-04   0.000      7.3939E-04
   15.9347277     -0.5750      9.2347E-04   0.000      9.2347E-04
   15.8536348     -0.2083      1.1500E-03   0.000      1.1500E-03
   15.7725420      0.1583      1.4279E-03   0.000      1.4279E-03
   15.6914492      0.5586      1.7679E-03   0.000      1.7679E-03
   15.6103563     -0.4333      2.1823E-03   0.000      2.1823E-03
   15.5292635      4.4585E-02  2.6861E-03   0.000      2.6861E-03
   15.4481707     -0.1416      3.2965E-03   0.000      3.2965E-03
   15.3670778      0.2498      4.0338E-03   0.000      4.0338E-03
   15.2859850     -4.3604E-02  4.9217E-03   0.000      4.9217E-03
   15.2048922     -2.2903E-02  5.9874E-03   0.000      5.9874E-03
   15.1237993      0.5772      7.2625E-03   0.000      7.2625E-03
   15.0427065      9.3808E-02  8.7836E-03   0.000      8.7836E-03
   14.9616137      6.6635E-02  1.0592E-02   0.000      1.0592E-02
   14.8805208     -0.2217      1.2736E-02   0.000      1.2736E-02
   14.7994280       1.073      1.5269E-02   0.000      1.5269E-02
   14.7183352     -0.4932      1.8252E-02   0.000      1.8252E-02
   14.6372423      0.2392      2.1754E-02   0.000      2.1754E-02
   14.5561495      0.5755      2.5853E-02   0.000      2.5853E-02
   14.4750566      0.7303      3.0635E-02   0.000      3.0635E-02
   14.3939638      0.7260      3.6194E-02   0.000      3.6194E-02
   14.3128710      0.2144      4.2638E-02   0.000      4.2638E-02
   14.2317781      8.8572E-02  5.0082E-02   0.000      5.0082E-02
   14.1506853      0.6998      5.8655E-02   0.000      5.8655E-02
   14.0695925     -0.3705      6.8494E-02   0.000      6.8494E-02
   13.9884996      0.4108      7.9750E-02   0.000      7.9750E-02
   13.9074068      5.0456E-02  9.2585E-02   0.000      9.2585E-02
   13.8263140      0.3694      0.1072       0.000      0.1072    
   13.7452211      0.9091      0.1237       0.000      0.1237    
   13.6641283      1.0280E-02  0.1423       0.000      0.1423    
   13.5830355      0.1672      0.1633       0.000      0.1633    
   13.5019426      0.4206      0.1869       0.000      0.1869    
   13.4208498     -0.4489      0.2132       0.000      0.2132    
   13.3397570      0.3233      0.2425       0.000      0.2425    
   13.2586641      0.2032      0.2750       0.000      0.2750    
   13.1775713       1.473      0.3110      6.6558E-07  0.3110    
   13.0964785       1.070      0.3506      9.7242E-07  0.3506    
   13.0153856      0.3240      0.3941      1.4142E-06  0.3941    
   12.9342928     -1.3425E-02  0.4418      2.0474E-06  0.4418    
   12.8532000     -0.2091      0.4938      2.9505E-06  0.4938    
   12.7721071     -0.1944      0.5503      4.2325E-06  0.5503    
   12.6910143      8.5902E-02  0.6114      6.0439E-06  0.6114    
   12.6099215      0.9616      0.6774      8.5910E-06  0.6774    
   12.5288286       1.716      0.7483      1.2156E-05  0.7483    
   12.4477358      0.5949      0.8242      1.7121E-05  0.8242    
   12.3666430      0.5333      0.9051      2.4005E-05  0.9051    
   12.2855501       1.383      0.9911      3.3503E-05  0.9911    
   12.2044573      0.9805       1.082      4.6545E-05   1.082    
   12.1233644       1.434       1.178      6.4369E-05   1.178    
   12.0422716      0.3974       1.279      8.8612E-05   1.279    
   11.9611788       1.054       1.384      1.2143E-04   1.384    
   11.8800859       1.582       1.493      1.6564E-04   1.493    
   11.7989931       1.615       1.607      2.2491E-04   1.607    
   11.7179003       2.567       1.724      3.0401E-04   1.724    
   11.6368074       2.066       1.844      4.0903E-04   1.844    
   11.5557146       1.808       1.967      5.4783E-04   1.967    
   11.4746218       1.919       2.092      7.3038E-04   2.092    
   11.3935289       1.876       2.219      9.6932E-04   2.218    
   11.3124361       2.751       2.346      1.2805E-03   2.345    
   11.2313433       2.696       2.473      1.6840E-03   2.472    
   11.1502504       2.605       2.600      2.2044E-03   2.598    
   11.0691576       2.872       2.726      2.8724E-03   2.723    
   10.9880648       2.381       2.849      3.7259E-03   2.845    
   10.9069719       3.134       2.969      4.8108E-03   2.965    
   10.8258791       2.245       3.086      6.1833E-03   3.080    
   10.7447863       2.700       3.198      7.9110E-03   3.190    
   10.6636934       3.042       3.305      1.0075E-02   3.295    
   10.5826006       3.429       3.406      1.2773E-02   3.393    
   10.5015078       3.773       3.500      1.6119E-02   3.484    
   10.4204149       3.549       3.587      2.0249E-02   3.567    
   10.3393221       3.726       3.667      2.5321E-02   3.641    
   10.2582293       4.104       3.738      3.1519E-02   3.706    
   10.1771364       4.188       3.800      3.9055E-02   3.761    
   10.0960436       4.451       3.854      4.8171E-02   3.806    
   10.0149508       3.938       3.899      5.9145E-02   3.840    
   9.93385792       4.276       3.935      7.2286E-02   3.863    
   9.85276508       3.880       3.963      8.7943E-02   3.875    
   9.77167225       3.730       3.982      0.1065       3.876    
   9.69057941       4.313       3.993      0.1284       3.865    
   9.60948658       4.095       3.997      0.1541       3.843    
   9.52839375       4.172       3.994      0.1840       3.810    
   9.44730091       3.243       3.985      0.2188       3.766    
   9.36620808       3.963       3.971      0.2590       3.712    
   9.28511524       4.089       3.953      0.3052       3.648    
   9.20402241       3.923       3.932      0.3580       3.574    
   9.12292957       4.673       3.910      0.4179       3.492    
   9.04183674       3.609       3.888      0.4857       3.402    
   8.96074390       3.349       3.866      0.5619       3.304    
   8.87965107       3.300       3.847      0.6471       3.200    
   8.79855824       3.844       3.832      0.7418       3.090    
   8.71746540       3.294       3.822      0.8465       2.976    
   8.63637257       3.242       3.818      0.9615       2.857    
   8.55527973       4.007       3.822       1.087       2.734    
   8.47418690       4.028       3.833       1.224       2.610    
   8.39309406       3.558       3.855       1.371       2.484    
   8.31200123       4.489       3.886       1.529       2.357    
   8.23090839       4.327       3.927       1.697       2.230    
   8.14981556       4.119       3.979       1.876       2.103    
   8.06872272       3.855       4.042       2.064       1.978    
   7.98762989       4.583       4.115       2.260       1.855    
   7.90653706       4.503       4.198       2.463       1.735    
   7.82544422       3.798       4.291       2.673       1.618    
   7.74435139       3.814       4.391       2.887       1.504    
   7.66325855       4.703       4.498       3.104       1.394    
   7.58216572       4.603       4.611       3.322       1.288    
   7.50107288       5.158       4.727       3.540       1.187    
   7.41998005       5.181       4.845       3.754       1.091    
   7.33888721       4.969       4.962       3.963      0.9994    
   7.25779438       4.907       5.077       4.164      0.9130    
   7.17670155       6.161       5.188       4.356      0.8315    
   7.09560871       5.447       5.291       4.536      0.7552    
   7.01451588       5.162       5.386       4.702      0.6838    
   6.93342304       5.111       5.469       4.851      0.6174    
   6.85233021       5.127       5.539       4.983      0.5558    
   6.77123737       5.595       5.593       5.094      0.4989    
   6.69014454       5.031       5.631       5.185      0.4465    
   6.60905170       5.702       5.651       5.253      0.3984    
   6.52795887       5.977       5.651       5.297      0.3545    
   6.44686604       4.743       5.632       5.317      0.3145    
   6.36577320       5.867       5.592       5.313      0.2782    
   6.28468037       4.954       5.531       5.285      0.2454    
   6.20358753       4.621       5.449       5.233      0.2158    
   6.12249470       5.532       5.347       5.158      0.1892    
   6.04140186       5.463       5.226       5.061      0.1654    
   5.96030903       5.255       5.087       4.943      0.1442    
   5.87921619       5.269       4.931       4.805      0.1254    
   5.79812336       5.473       4.759       4.651      0.1086    
   5.71703053       5.402       4.574       4.480      9.3878E-02
   5.63593769       4.662       4.377       4.296      8.0886E-02
   5.55484486       4.743       4.170       4.101      6.9488E-02
   5.47375202       4.067       3.956       3.897      5.9523E-02
   5.39265919       2.903       3.737       3.686      5.0837E-02
   5.31156635       3.330       3.514       3.470      4.3293E-02
   5.23047352       2.994       3.289       3.253      3.6760E-02
   5.14938068       2.668       3.066       3.035      3.1122E-02
   5.06828785       2.625       2.845       2.818      2.6272E-02
   4.98719501       2.814       2.628       2.605      2.2113E-02
   4.90610218       3.230       2.416       2.398      1.8558E-02
   4.82500935       2.362       2.212       2.196      1.5529E-02
   4.74391651       2.368       2.016       2.003      1.2956E-02
   4.66282368       1.553       1.829       1.818      1.0779E-02
   4.58173084       1.372       1.652       1.643      8.9405E-03
   4.50063801       1.487       1.485       1.477      7.3943E-03
   4.41954517       1.272       1.329       1.323      6.0977E-03
   4.33845234      0.1940       1.184       1.179      5.0137E-03
   4.25735950      0.5736       1.050       1.046      4.1104E-03
   4.17626667      0.6883      0.9270      0.9236      3.3600E-03
   4.09517384       1.171      0.8147      0.8119      2.7386E-03
   4.01408100      0.8449      0.7127      0.7105      2.2256E-03
   3.93298817      0.1451      0.6207      0.6189      1.8034E-03
   3.85189533      0.3576      0.5381      0.5366      1.4571E-03
   3.77080250      0.5970      0.4644      0.4632      1.1738E-03
   3.68970966      0.6834      0.3989      0.3980      9.4281E-04
   3.60861683      0.3370      0.3411      0.3404      7.5508E-04
   3.52752399      0.2999      0.2904      0.2898      6.0297E-04
   3.44643116      5.5764E-02  0.2461      0.2456      4.8009E-04
   3.36533833     -0.3585      0.2076      0.2072      3.8114E-04
   3.28424549      0.6190      0.1743      0.1740      3.0170E-04
   3.20315266      0.5774      0.1457      0.1454      2.3812E-04
   3.12205982     -4.1379E-03  0.1212      0.1210      1.8739E-04
   3.04096699      0.5628      0.1004      0.1002      1.4704E-04
   2.95987415      0.7518      8.2764E-02  8.2649E-02  1.1504E-04
   2.87878132      0.5693      6.7925E-02  6.7835E-02  8.9740E-05
   2.79768848      0.4697      5.5492E-02  5.5422E-02  6.9801E-05
   2.71659565      0.4283      4.5128E-02  4.5074E-02  5.4133E-05
   2.63550282      0.5709      3.6532E-02  3.6490E-02  4.1860E-05
   2.55440998      0.3158      2.9439E-02  2.9406E-02  3.2275E-05
   2.47331715      0.2526      2.3614E-02  2.3589E-02  2.4812E-05
   2.39222431      2.3773E-02  1.8856E-02  1.8837E-02  1.9019E-05
   2.31113148      0.4588      1.4988E-02  1.4973E-02  1.4536E-05
   2.23003864     -7.5315E-02  1.1858E-02  1.1847E-02  1.1077E-05
   2.14894581      0.2848      9.3399E-03  9.3315E-03  8.4167E-06
   2.06785297      0.6256      7.3226E-03  7.3163E-03  6.3766E-06
   1.98676014     -0.4538      5.7149E-03  5.7101E-03  4.8169E-06
   1.90566730      0.4153      4.4398E-03  4.4361E-03  3.6281E-06
   1.82457447     -0.3399      3.4334E-03  3.4307E-03  2.7247E-06
   1.74348164      0.2154      2.6430E-03  2.6410E-03  2.0402E-06
   1.66238880      0.2383      2.0253E-03  2.0238E-03  1.5233E-06
   1.58129597     -1.8764E-02  1.5449E-03  1.5438E-03  1.1340E-06
   1.50020313     -0.1347      1.1731E-03  1.1722E-03  8.4172E-07
   1.41911030      0.2151      8.8665E-04  8.8603E-04  6.2296E-07
   1.33801746      0.1646      6.6711E-04  6.6665E-04  4.5971E-07
   1.25692463      0.3040      4.9930E-04  4.9930E-04   0.000    
   1.17583179      0.4192      3.7225E-04  3.7225E-04   0.000    
   1.09473896     -7.1749E-02  2.7626E-04  2.7626E-04   0.000    
   1.01364613      0.2764      2.0409E-04  2.0409E-04   0.000    
  0.932553291      0.3322      1.5009E-04  1.5009E-04   0.000    
  0.851460457      0.4251      1.0987E-04  1.0987E-04   0.000    
  0.770367622      0.3601      8.0057E-05  8.0057E-05   0.000    
  0.689274788     -6.5041E-02  5.8070E-05  5.8070E-05   0.000    
  0.608181953      0.2652      4.1929E-05  4.1929E-05   0.000    
  0.527089119      0.2132      3.0136E-05  3.0136E-05   0.000    
  0.445996284      0.4254      2.1561E-05  2.1561E-05   0.000    
  0.364903450     -3.3969E-03  1.5356E-05  1.5356E-05   0.000    
  0.283810616      0.1118      1.0886E-05  1.0886E-05   0.000    
  0.202717781      0.2826      7.6826E-06  7.6826E-06   0.000    
  0.121624947      0.4314      5.3969E-06  5.3969E-06   0.000    
  4.053211212E-02  0.6749      3.7739E-06  3.7739E-06   0.000    
 -4.056072235E-02   1.066      2.6270E-06  2.6270E-06   0.000    
 -0.121653557     -8.4016E-02  1.8202E-06  1.8202E-06   0.000    
 -0.202746391     -0.2726      1.2555E-06  1.2555E-06   0.000    
 -0.283839226       1.016      8.6201E-07  8.6201E-07   0.000    
 -0.364932060      0.8729       0.000       0.000       0.000    
 -0.446024895     -8.2894E-03   0.000       0.000       0.000    
 -0.527117729     -0.3561       0.000       0.000       0.000    
 -0.608210564     -0.3599       0.000       0.000       0.000    
 -0.689303398      8.9685E-03   0.000       0.000       0.000    
 -0.770396233      0.3284       0.000       0.000       0.000    
 -0.851489067      0.6022       0.000       0.000       0.000    
 -0.932581902      0.5510       0.000       0.000       0.000    
  -1.01367474      0.5696       0.000       0.000       0.000    
  -1.09476757      0.5014       0.000       0.000       0.000    
  -1.17586040      0.1908       0.000       0.000       0.000    
  -1.25695324      7.5756E-02   0.000       0.000       0.000    
  -1.33804607      0.2056       0.000       0.000       0.000    
  -1.41913891     -0.6173       0.000       0.000       0.000    
  -1.50023174     -0.4209       0.000       0.000       0.000    
  -1.58132458      0.8615       0.000       0.000       0.000    
  -1.66241741      7.4562E-02   0.000       0.000       0.000    
  -1.74351025     -0.5929       0.000       0.000       0.000    
  -1.82460308     -0.2763       0.000       0.000       0.000    
  -1.90569592     -0.5372       0.000       0.000       0.000    
