   47.8100452     -9.8035E-02   0.000       0.000    
   45.0431004      1.3759E-02   0.000       0.000    
   42.2761555      1.9024E-02   0.000       0.000    
   39.5092106      8.0336E-02   0.000       0.000    
   36.7422657      0.1548       0.000       0.000    
   33.9753208     -6.5623E-02   0.000       0.000    
   31.2083759     -1.3305E-02   0.000       0.000    
   28.4414310      2.9270E-02   0.000       0.000    
   25.6744862      1.1010E-02   0.000       0.000    
   22.9075413     -5.1844E-02   0.000       0.000    
   20.1405964      6.2354E-02   0.000       0.000    
   17.3736515     -7.5935E-02   0.000       0.000    
   14.6067066      6.8596E-02  5.4631E-06  5.4631E-06
   11.8397617     -1.3298E-02  1.1618E-02  1.1618E-02
   9.07281685      0.9006      0.8998      0.8998    
   6.30587196       2.538       2.538       2.538    
   3.53892708      0.2600      0.2607      0.2607    
  0.771982193      0.1641      9.7540E-04  9.7540E-04
  -1.99496269      5.3891E-02   0.000       0.000    
  -4.76190758     -2.1052E-02   0.000       0.000    
  -7.52885246      8.2641E-02   0.000       0.000    
  -10.2957973     -0.2451       0.000       0.000    
  -13.0627422      0.1235       0.000       0.000    
  -15.8296871      9.4683E-02   0.000       0.000    
  -18.5966320     -2.4784E-02   0.000       0.000    
  -21.3635769     -0.1382       0.000       0.000    
  -24.1305218     -0.2367       0.000       0.000    
  -26.8974667      8.0783E-02   0.000       0.000    
  -29.6644115     -1.5937E-02   0.000       0.000    
  -32.4313564     -5.2245E-02   0.000       0.000    
