   16.8782997      0.4133      1.9369E-07  1.9369E-07
   16.7972031      0.1468      2.4371E-07  2.4371E-07
   16.7161064      0.5567      3.0609E-07  3.0609E-07
   16.6350098     -0.3388      3.8376E-07  3.8376E-07
   16.5539131     -0.6253      4.8027E-07  4.8027E-07
   16.4728165       1.128      5.9998E-07  5.9998E-07
   16.3917198     -3.6586E-02  7.4820E-07  7.4820E-07
   16.3106232     -0.5794      9.3137E-07  9.3137E-07
   16.2295265     -0.3004      1.1573E-06  1.1573E-06
   16.1484299     -2.5290E-02  1.4355E-06  1.4355E-06
   16.0673332     -0.3678      1.7774E-06  1.7774E-06
   15.9862366      0.4619      2.1967E-06  2.1967E-06
   15.9051399      0.8261      2.7102E-06  2.7102E-06
   15.8240433      0.8317      3.3377E-06  3.3377E-06
   15.7429466     -0.2639      4.1032E-06  4.1032E-06
   15.6618500      0.4702      5.0353E-06  5.0353E-06
   15.5807533     -0.2471      6.1681E-06  6.1681E-06
   15.4996567      0.7023      7.5422E-06  7.5422E-06
   15.4185600      0.4491      9.2060E-06  9.2060E-06
   15.3374634      0.7661      1.1217E-05  1.1217E-05
   15.2563667     -5.7962E-02  1.3642E-05  1.3642E-05
   15.1752701     -0.1466      1.6563E-05  1.6563E-05
   15.0941734      0.4024      2.0073E-05  2.0073E-05
   15.0130768     -2.3419E-02  2.4283E-05  2.4283E-05
   14.9319801     -3.4917E-02  2.9324E-05  2.9324E-05
   14.8508835       1.066      3.5349E-05  3.5349E-05
   14.7697868      0.5357      4.2535E-05  4.2535E-05
   14.6886902      0.3446      5.1090E-05  5.1090E-05
   14.6075935      0.3020      6.1257E-05  6.1257E-05
   14.5264969     -0.1746      7.3316E-05  7.3316E-05
   14.4454002      0.1743      8.7593E-05  8.7593E-05
   14.3643036      5.6982E-02  1.0446E-04  1.0446E-04
   14.2832069      0.2658      1.2436E-04  1.2436E-04
   14.2021103     -0.8333      1.4778E-04  1.4778E-04
   14.1210136      -1.285      1.7530E-04  1.7530E-04
   14.0399170      0.3432      2.0758E-04  2.0758E-04
   13.9588203      0.6957      2.4535E-04  2.4535E-04
   13.8777237     -0.2592      2.8949E-04  2.8949E-04
   13.7966270     -0.2005      3.4095E-04  3.4095E-04
   13.7155304     -0.3588      4.0085E-04  4.0085E-04
   13.6344337     -0.5114      4.7043E-04  4.7043E-04
   13.5533371     -0.3341      5.5111E-04  5.5111E-04
   13.4722404     -0.5103      6.4447E-04  6.4447E-04
   13.3911438      0.3828      7.5230E-04  7.5230E-04
   13.3100471      0.5356      8.7660E-04  8.7660E-04
   13.2289505      0.1933      1.0196E-03  1.0196E-03
   13.1478539     -0.6674      1.1839E-03  1.1839E-03
   13.0667572     -0.2281      1.3721E-03  1.3721E-03
   12.9856606      0.2850      1.5874E-03  1.5874E-03
   12.9045639      0.1600      1.8333E-03  1.8333E-03
   12.8234673     -0.2023      2.1134E-03  2.1134E-03
   12.7423706      0.1593      2.4321E-03  2.4321E-03
   12.6612740      0.1023      2.7937E-03  2.7937E-03
   12.5801773     -0.4484      3.2035E-03  3.2035E-03
   12.4990807     -0.6406      3.6667E-03  3.6667E-03
   12.4179840      0.1958      4.1895E-03  4.1895E-03
   12.3368874     -0.5228      4.7782E-03  4.7782E-03
   12.2557907     -0.5490      5.4400E-03  5.4400E-03
   12.1746941     -0.6279      6.1824E-03  6.1824E-03
   12.0935974     -0.2061      7.0135E-03  7.0135E-03
   12.0125008     -0.1559      7.9422E-03  7.9422E-03
   11.9314041      0.1160      8.9779E-03  8.9779E-03
   11.8503075     -0.1842      1.0130E-02  1.0130E-02
   11.7692108      0.2235      1.1411E-02  1.1411E-02
   11.6881142      0.4464      1.2830E-02  1.2830E-02
   11.6070175     -0.1477      1.4399E-02  1.4399E-02
   11.5259209      3.2275E-02  1.6132E-02  1.6132E-02
   11.4448242      0.6714      1.8041E-02  1.8041E-02
   11.3637276      2.4007E-02  2.0141E-02  2.0141E-02
   11.2826309     -0.8916      2.2444E-02  2.2444E-02
   11.2015343     -0.6162      2.4966E-02  2.4966E-02
   11.1204376     -9.9298E-02  2.7722E-02  2.7722E-02
   11.0393410      7.7262E-02  3.0728E-02  3.0728E-02
   10.9582443      0.4476      3.3998E-02  3.3998E-02
   10.8771477     -4.6956E-02  3.7549E-02  3.7549E-02
   10.7960510      0.8684      4.1398E-02  4.1398E-02
   10.7149544      0.9182      4.5559E-02  4.5559E-02
   10.6338577     -0.4832      5.0050E-02  5.0050E-02
   10.5527611      0.5201      5.4884E-02  5.4884E-02
   10.4716644      0.5125      6.0079E-02  6.0079E-02
   10.3905678      0.7317      6.5648E-02  6.5648E-02
   10.3094711      0.7572      7.1605E-02  7.1605E-02
   10.2283745      0.3407      7.7963E-02  7.7963E-02
   10.1472778     -0.3817      8.4734E-02  8.4734E-02
   10.0661812     -0.2166      9.1929E-02  9.1929E-02
   9.98508453     -0.2136      9.9558E-02  9.9558E-02
   9.90398788      0.3430      0.1076      0.1076    
   9.82289124     -5.6945E-02  0.1161      0.1161    
   9.74179459      0.3636      0.1251      0.1251    
   9.66069794     -0.5462      0.1345      0.1345    
   9.57960129     -7.3832E-02  0.1444      0.1444    
   9.49850464      3.1126E-02  0.1547      0.1547    
   9.41740799      0.4303      0.1655      0.1655    
   9.33631134     -2.3356E-02  0.1767      0.1767    
   9.25521469      0.1492      0.1883      0.1883    
   9.17411804     -0.4807      0.2003      0.2003    
   9.09302139      0.6455      0.2127      0.2127    
   9.01192474      0.3665      0.2254      0.2254    
   8.93082809     -2.6739E-02  0.2385      0.2385    
   8.84973145      0.2536      0.2520      0.2520    
   8.76863480      0.6620      0.2657      0.2657    
   8.68753815     -0.5359      0.2796      0.2796    
   8.60644150     -0.3411      0.2938      0.2938    
   8.52534485      0.5463      0.3081      0.3081    
   8.44424820      0.1954      0.3225      0.3225    
   8.36315155      0.3672      0.3370      0.3370    
   8.28205490      3.1719E-02  0.3515      0.3515    
   8.20095825      0.4655      0.3661      0.3661    
   8.11986160      0.5016      0.3805      0.3805    
   8.03876495      0.4505      0.3948      0.3948    
   7.95766830      0.2421      0.4089      0.4089    
   7.87657166      0.7666      0.4227      0.4227    
   7.79547501      0.4837      0.4362      0.4362    
   7.71437836      0.5500      0.4494      0.4494    
   7.63328171     -0.7468      0.4621      0.4621    
   7.55218506       1.207      0.4744      0.4744    
   7.47108841       1.670      0.4861      0.4861    
   7.38999176      0.5085      0.4972      0.4972    
   7.30889511      0.8773      0.5076      0.5076    
   7.22779846     -1.9061E-03  0.5174      0.5174    
   7.14670181      0.8791      0.5264      0.5264    
   7.06560516      0.7255      0.5345      0.5345    
   6.98450851      9.1977E-02  0.5419      0.5419    
   6.90341187      0.3673      0.5484      0.5484    
   6.82231522      0.6418      0.5539      0.5539    
   6.74121857     -3.5765E-02  0.5585      0.5585    
   6.66012192      0.9471      0.5622      0.5622    
   6.57902527      0.5014      0.5648      0.5648    
   6.49792862       1.188      0.5665      0.5665    
   6.41683197      0.2982      0.5672      0.5672    
   6.33573532      8.7779E-02  0.5668      0.5668    
   6.25463867      0.4051      0.5654      0.5654    
   6.17354202       1.113      0.5631      0.5631    
   6.09244537      0.8085      0.5597      0.5597    
   6.01134872      0.5882      0.5554      0.5554    
   5.93025208      0.7924      0.5501      0.5501    
   5.84915543      0.9079      0.5439      0.5439    
   5.76805878      0.5717      0.5368      0.5368    
   5.68696213       1.140      0.5289      0.5289    
   5.60586548       1.205      0.5201      0.5201    
   5.52476883      0.2101      0.5106      0.5106    
   5.44367218      0.4859      0.5003      0.5003    
   5.36257553     -5.2297E-02  0.4894      0.4894    
   5.28147888      0.7484      0.4779      0.4779    
   5.20038223      0.5786      0.4658      0.4658    
   5.11928558     -0.1917      0.4532      0.4532    
   5.03818893     -0.2227      0.4402      0.4402    
   4.95709229      0.3764      0.4267      0.4267    
   4.87599564      9.5897E-02  0.4130      0.4130    
   4.79489899      0.3414      0.3989      0.3989    
   4.71380234     -0.9295      0.3847      0.3847    
   4.63270569     -0.3715      0.3703      0.3703    
   4.55160904      0.4220      0.3558      0.3558    
   4.47051239      0.7650      0.3413      0.3413    
   4.38941574      0.6060      0.3268      0.3268    
   4.30831909      0.6273      0.3123      0.3123    
   4.22722244     -0.1392      0.2980      0.2980    
   4.14612579     -0.1411      0.2838      0.2838    
   4.06502914      0.9521      0.2698      0.2698    
   3.98393250      0.1290      0.2560      0.2560    
   3.90283585     -6.1145E-02  0.2425      0.2425    
   3.82173920      0.4282      0.2293      0.2293    
   3.74064255      0.3745      0.2164      0.2164    
   3.65954590      0.1344      0.2039      0.2039    
   3.57844925      0.4061      0.1918      0.1918    
   3.49735260      0.4246      0.1800      0.1800    
   3.41625595      7.9289E-02  0.1687      0.1687    
   3.33515930     -0.2988      0.1578      0.1578    
   3.25406265      0.5403      0.1474      0.1474    
   3.17296600       1.133      0.1374      0.1374    
   3.09186935      0.5724      0.1278      0.1278    
   3.01077271      0.3775      0.1187      0.1187    
   2.92967606      0.3792      0.1101      0.1101    
   2.84857941     -0.5621      0.1019      0.1019    
   2.76748276     -5.1820E-02  9.4136E-02  9.4136E-02
   2.68638611     -0.4729      8.6814E-02  8.6814E-02
   2.60528946      0.4912      7.9918E-02  7.9918E-02
   2.52419281      0.4067      7.3439E-02  7.3439E-02
   2.44309616     -0.1304      6.7365E-02  6.7365E-02
   2.36199951     -0.4568      6.1683E-02  6.1683E-02
   2.28090286     -0.1007      5.6380E-02  5.6380E-02
   2.19980621      0.2999      5.1440E-02  5.1440E-02
   2.11870956       1.157      4.6850E-02  4.6850E-02
   2.03761292      0.8377      4.2593E-02  4.2593E-02
   1.95651627     -0.2288      3.8654E-02  3.8654E-02
   1.87541962     -9.3730E-03  3.5016E-02  3.5016E-02
   1.79432297      0.5922      3.1665E-02  3.1665E-02
   1.71322632     -1.1858E-02  2.8583E-02  2.8583E-02
   1.63212967      0.3080      2.5755E-02  2.5755E-02
   1.55103302      0.4978      2.3165E-02  2.3165E-02
   1.46993637      0.3067      2.0799E-02  2.0799E-02
   1.38883972     -1.8945E-02  1.8641E-02  1.8641E-02
   1.30774307     -0.1113      1.6677E-02  1.6677E-02
   1.22664642     -0.1891      1.4893E-02  1.4893E-02
   1.14554977     -0.2723      1.3277E-02  1.3277E-02
   1.06445312     -0.5368      1.1814E-02  1.1814E-02
  0.983356476      0.5660      1.0495E-02  1.0495E-02
  0.902259827     -8.5534E-02  9.3054E-03  9.3054E-03
  0.821163177      0.1541      8.2364E-03  8.2364E-03
  0.740066528     -3.2447E-03  7.2771E-03  7.2771E-03
  0.658969879     -0.3363      6.4181E-03  6.4181E-03
  0.577873230      0.3091      5.6504E-03  5.6504E-03
  0.496776581      3.8673E-02  4.9657E-03  4.9657E-03
  0.415679932     -0.3572      4.3561E-03  4.3561E-03
  0.334583282     -0.2138      3.8146E-03  3.8146E-03
  0.253486633      0.2162      3.3344E-03  3.3344E-03
  0.172389984     -0.3367      2.9094E-03  2.9094E-03
  9.129333496E-02 -0.6734      2.5341E-03  2.5341E-03
  1.019668579E-02  2.3731E-02  2.2033E-03  2.2033E-03
 -7.089996338E-02 -0.4828      1.9122E-03  1.9122E-03
 -0.151996613      0.3691      1.6567E-03  1.6567E-03
 -0.233093262     -0.5957      1.4327E-03  1.4327E-03
 -0.314189911     -0.3191      1.2368E-03  1.2368E-03
 -0.395286560      0.3415      1.0658E-03  1.0658E-03
 -0.476383209     -0.6310      9.1676E-04  9.1676E-04
 -0.557479858     -1.2052E-03  7.8718E-04  7.8718E-04
 -0.638576508     -0.3681      6.7471E-04  6.7471E-04
 -0.719673157     -0.1953      5.7727E-04  5.7727E-04
 -0.800769806     -0.6336      4.9303E-04  4.9303E-04
 -0.881866455     -0.2752      4.2033E-04  4.2033E-04
 -0.962963104      0.2375      3.5771E-04  3.5771E-04
  -1.04405975     -0.2000      3.0387E-04  3.0387E-04
  -1.12515640     -0.8033      2.5768E-04  2.5768E-04
  -1.20625305     -0.4679      2.1812E-04  2.1812E-04
  -1.28734970     -0.4174      1.8430E-04  1.8430E-04
  -1.36844635     -0.3484      1.5545E-04  1.5545E-04
  -1.44954300      0.6844      1.3088E-04  1.3088E-04
  -1.53063965      0.4874      1.1000E-04  1.1000E-04
  -1.61173630      0.3175      9.2284E-05  9.2284E-05
  -1.69283295      6.6264E-02  7.7284E-05  7.7284E-05
  -1.77392960     -0.2439      6.4606E-05  6.4606E-05
  -1.85502625     -0.5761      5.3912E-05  5.3912E-05
  -1.93612289     -0.4457      4.4907E-05  4.4907E-05
  -2.01721954     -0.4774      3.7340E-05  3.7340E-05
  -2.09831619     -0.9297      3.0993E-05  3.0993E-05
  -2.17941284     -0.9614      2.5678E-05  2.5678E-05
  -2.26050949      0.1834      2.1237E-05  2.1237E-05
  -2.34160614     -0.7092      1.7533E-05  1.7533E-05
  -2.42270279      0.1650      1.4449E-05  1.4449E-05
  -2.50379944     -3.8613E-02  1.1886E-05  1.1886E-05
  -2.58489609      4.7213E-02  9.7607E-06  9.7607E-06
  -2.66599274      0.1478      8.0008E-06  8.0008E-06
  -2.74708939      0.8182      6.5466E-06  6.5466E-06
  -2.82818604      0.6588      5.3471E-06  5.3471E-06
  -2.90928268      0.1225      4.3596E-06  4.3596E-06
  -2.99037933     -5.2498E-02  3.5482E-06  3.5482E-06
  -3.07147598      0.1021      2.8826E-06  2.8826E-06
