   46.0711784     -7.2037E-02   0.000       0.000    
   43.5439453      0.2060       0.000       0.000    
   41.0167122      0.4101       0.000       0.000    
   38.4894791       1.681       0.000       0.000    
   35.9622459       2.708       0.000       0.000    
   33.4350128      0.6205       0.000       0.000    
   30.9077797     -0.2244       0.000       0.000    
   28.3805466     -0.2067       0.000       0.000    
   25.8533134     -0.1140       0.000       0.000    
   23.3260803      0.4858       0.000       0.000    
   20.7988472      0.7040       0.000       0.000    
   18.2716141      0.2163       0.000       0.000    
   15.7443810      0.3582       0.000       0.000    
   13.2171478      9.8316E-02  2.2794E-05  2.2794E-05
   10.6899147     -0.5023      1.2599E-02  1.2599E-02
   8.16268158      0.5931      0.5551      0.5551    
   5.63544846       1.937       1.950       1.950    
   3.10821533      0.5668      0.5457      0.5457    
  0.580982208     -0.1232      1.2177E-02  1.2177E-02
  -1.94625092     -0.2077      2.1657E-05  2.1657E-05
  -4.47348404     -0.3227       0.000       0.000    
  -7.00071716     -0.4587       0.000       0.000    
  -9.52795029     -0.1358       0.000       0.000    
  -12.0551834      0.2573       0.000       0.000    
  -14.5824165     -7.8216E-02   0.000       0.000    
  -17.1096497     -0.1681       0.000       0.000    
  -19.6368828      7.4369E-02   0.000       0.000    
  -22.1641159      0.5711       0.000       0.000    
  -24.6913490       1.334       0.000       0.000    
  -27.2185822      0.3314       0.000       0.000    
  -29.7458153      0.1462       0.000       0.000    
  -32.2730484      0.5558       0.000       0.000    
  -34.8002815       1.694       0.000       0.000    
