   47.2581263      7.0516E-02
   44.7310495      8.0285E-02
   42.2039728      9.4434E-02
   39.6768961      0.1421    
   37.1498194      0.1651    
   34.6227427      2.8090E-02
   32.0956659      1.3452E-02
   29.5685892      0.1013    
   27.0415125     -0.1853    
   24.5144358      1.7879E-02
   21.9873590      8.0003E-02
   19.4602823      8.7062E-02
   16.9332056      0.1355    
   14.4061289      4.5542E-02
   11.8790522     -0.1165    
   9.35197544      4.3858E-02
   6.82489872      0.1637    
   4.29782200      5.5615E-02
   1.77074528     -9.6745E-03
 -0.756331444      2.5168E-02
  -3.28340816     -6.2800E-02
  -5.81048489     -6.7417E-02
  -8.33756161      5.2424E-02
  -10.8646383     -3.2431E-02
  -13.3917150     -2.1167E-02
  -15.9187918     -6.4252E-02
  -18.4458685     -0.2108    
  -20.9729452     -0.1658    
  -23.5000219     -0.1107    
  -26.0270987     -5.9382E-03
  -28.5541754      9.3029E-02
  -31.0812521     -0.2011    
