   48.0676041     -0.1761    
   45.5404968     -4.8764E-02
   43.0133896     -1.4251E-02
   40.4862823     -2.2564E-03
   37.9591751     -1.8538E-02
   35.4320679     -9.0990E-02
   32.9049606      0.1294    
   30.3778534     -5.0680E-02
   27.8507462     -6.0591E-02
   25.3236389      0.2010    
   22.7965317      0.2274    
   20.2694244      9.0623E-02
   17.7423172      2.7681E-02
   15.2152100      1.7822E-03
   12.6881027      9.6107E-02
   10.1609955      3.5987E-03
   7.63388824     -0.1173    
   5.10678101     -0.1542    
   2.57967377     -5.1984E-02
  5.256652832E-02 -8.6394E-02
  -2.47454071     -0.1535    
  -5.00164795     -1.6844E-03
  -7.52875519     -1.4601E-03
  -10.0558624     -7.2702E-02
  -12.5829697     -0.1250    
  -15.1100769     -8.6712E-02
  -17.6371841     -2.7824E-03
  -20.1642914      1.3681E-02
  -22.6913986     -9.6613E-02
  -25.2185059      9.4127E-02
  -27.7456131     -5.5984E-02
  -30.2727203     -4.1056E-02
  -32.7998276      7.3252E-02
