   43.5258484     -0.1089    
   40.9989548     -0.1906    
   38.4720612     -0.1840    
   35.9451675     -0.2358    
   33.4182739     -0.2926    
   30.8913803     -0.2055    
   28.3644867     -6.0181E-02
   25.8375931     -0.2256    
   23.3106995     -0.2500    
   20.7838058     -0.3128    
   18.2569122     -0.2845    
   15.7300186     -0.2327    
   13.2031250     -0.1709    
   10.6762314     -3.3814E-02
   8.14933777     -0.1231    
   5.62244415     -0.1955    
   3.09555054      6.8270E-02
  0.568656921     -0.1564    
  -1.95823669     -0.1041    
  -4.48513031     -8.4220E-02
  -7.01202393     -1.0202E-02
  -9.53891754     -4.0182E-02
  -12.0658112     -7.8955E-03
  -14.5927048     -1.8069E-02
  -17.1195984     -5.4202E-02
  -19.6464920     -7.5392E-02
  -22.1733856     -0.1737    
  -24.7002792     -0.1401    
  -27.2271729      5.6652E-04
  -29.7540665      2.9836E-02
  -32.2809601     -1.6300E-02
  -34.8078537      2.2559E-02
