   14.2103481      0.6808    
   14.1292591      0.2740    
   14.0481701      0.4308    
   13.9670811     -0.2429    
   13.8859921      -1.017    
   13.8049030     -0.4873    
   13.7238140      0.4379    
   13.6427250      0.2365    
   13.5616360     -5.0823E-02
   13.4805470      0.7617    
   13.3994579     -0.8814    
   13.3183689      0.1630    
   13.2372799      0.9432    
   13.1561909      0.3200    
   13.0751019      0.1960    
   12.9940128     -0.1055    
   12.9129238      0.3633    
   12.8318348     -0.5849    
   12.7507458     -6.0799E-03
   12.6696568      0.6746    
   12.5885677      6.6100E-02
   12.5074787       1.229    
   12.4263897       1.055    
   12.3453007     -0.2849    
   12.2642117      0.3466    
   12.1831226     -0.1006    
   12.1020336      0.5460    
   12.0209446      0.2273    
   11.9398556      0.5054    
   11.8587666      1.5190E-02
   11.7776775     -0.2095    
   11.6965885      0.8042    
   11.6154995     -2.0966E-04
   11.5344105      0.5650    
   11.4533215      0.6229    
   11.3722324      0.3282    
   11.2911434      0.7023    
   11.2100544      0.3427    
   11.1289654     -0.3784    
   11.0478764     -0.4055    
   10.9667873     -0.5710    
   10.8856983      0.2042    
   10.8046093      -1.149    
   10.7235203     -0.3740    
   10.6424313     -0.4405    
   10.5613422      0.5497    
   10.4802532      0.9754    
   10.3991642      5.9803E-02
   10.3180752      0.4676    
   10.2369862      0.1319    
   10.1558971      0.3255    
   10.0748081     -0.6314    
   9.99371910       1.138    
   9.91263008     -0.9219    
   9.83154106     -0.2138    
   9.75045204      -1.202    
   9.66936302     -0.3704    
   9.58827400     -0.5535    
   9.50718498      0.1945    
   9.42609596     -0.2762    
   9.34500694      0.2326    
   9.26391792      0.2242    
   9.18282890      0.1095    
   9.10173988      0.1839    
   9.02065086     -0.1696    
   8.93956184     -0.3205    
   8.85847282     -0.7497    
   8.77738380     -0.1691    
   8.69629478      0.4251    
   8.61520576     -0.3689    
   8.53411674     -0.2247    
   8.45302773      0.4254    
   8.37193871      0.6276    
   8.29084969     -0.5702    
   8.20976067     -0.2304    
   8.12867165     -0.1171    
   8.04758263     -0.3210    
   7.96649361     -0.4491    
   7.88540459      0.6061    
   7.80431557     -1.0547E-02
   7.72322655     -0.4836    
   7.64213753      0.6716    
   7.56104851      0.7194    
   7.47995949     -0.2680    
   7.39887047      9.9018E-02
   7.31778145      0.7328    
   7.23669243      0.8780    
   7.15560341     -0.5048    
   7.07451439      0.4139    
   6.99342537      0.5208    
   6.91233635      0.7667    
   6.83124733      0.3963    
   6.75015831      7.0641E-02
   6.66906929     -0.1394    
   6.58798027      0.8338    
   6.50689125      5.9560E-03
   6.42580223      0.3584    
   6.34471321      0.3468    
   6.26362419     -0.1264    
   6.18253517      0.1324    
   6.10144615     -6.2785E-03
   6.02035713     -0.1318    
   5.93926811       1.580    
   5.85817909       1.184    
   5.77709007     -0.2639    
   5.69600105     -0.9302    
   5.61491203      0.2876    
   5.53382301     -0.1563    
   5.45273399     -0.8404    
   5.37164497      0.1826    
   5.29055595     -0.2100    
   5.20946693     -0.2276    
   5.12837791     -2.0519E-02
   5.04728889      7.6601E-02
   4.96619987      0.6789    
   4.88511086      0.3581    
   4.80402184     -0.5036    
   4.72293282      0.1788    
   4.64184380     -0.2215    
   4.56075478       1.221    
   4.47966576      6.6995E-02
   4.39857674      0.4827    
   4.31748772      4.3882E-02
   4.23639870     -0.4886    
   4.15530968      0.5287    
   4.07422066     -0.1142    
   3.99313164      0.7710    
   3.91204262      4.6052E-02
   3.83095360     -0.9023    
   3.74986458     -0.1715    
   3.66877556      0.3142    
   3.58768654     -6.6844E-02
   3.50659752      0.5130    
   3.42550850      0.1147    
   3.34441948     -0.3431    
   3.26333046     -0.7115    
   3.18224144     -0.1953    
   3.10115242      0.1231    
   3.02006340     -9.8071E-02
   2.93897438      0.3175    
   2.85788536      0.3467    
   2.77679634       1.043    
   2.69570732      8.5106E-03
   2.61461830     -3.1515E-02
   2.53352928      0.5844    
   2.45244026     -0.9846    
   2.37135124      0.1000    
   2.29026222      0.1186    
   2.20917320       1.047    
   2.12808418       1.104    
   2.04699516      0.3893    
   1.96590614      0.6108    
   1.88481712      0.2407    
   1.80372810     -5.8380E-02
   1.72263908      0.1522    
   1.64155006     -0.4786    
   1.56046104      0.1417    
   1.47937202      0.6752    
   1.39828300     -0.5261    
   1.31719398     -0.1533    
   1.23610497     -0.3087    
   1.15501595      0.4112    
   1.07392693      0.1005    
  0.992837906      0.5182    
  0.911748886      0.5632    
  0.830659866      0.6368    
  0.749570847     -0.1047    
  0.668481827      7.5089E-02
  0.587392807       1.456    
  0.506303787      0.7091    
  0.425214767       1.073    
  0.344125748      0.8274    
  0.263036728      0.5089    
  0.181947708     -0.3640    
  0.100858688     -0.5343    
  1.976966858E-02  0.4802    
 -6.131935120E-02  0.6655    
 -0.142408371     -0.4001    
 -0.223497391     -0.4891    
 -0.304586411      6.9281E-02
 -0.385675430     -5.7860E-02
 -0.466764450      0.2556    
 -0.547853470     -0.1070    
 -0.628942490      0.1872    
 -0.710031509     -0.1430    
 -0.791120529      0.2891    
 -0.872209549      0.3850    
 -0.953298569      0.8311    
  -1.03438759      0.7319    
  -1.11547661     -0.4640    
  -1.19656563      0.7666    
  -1.27765465      0.4378    
  -1.35874367      -1.089    
  -1.43983269     -6.1971E-03
  -1.52092171     -8.6125E-02
  -1.60201073      0.3604    
  -1.68309975      0.6827    
  -1.76418877      0.3830    
  -1.84527779     -0.3492    
  -1.92636681      0.3272    
  -2.00745583      0.3753    
  -2.08854485     -0.6614    
  -2.16963387     -0.6012    
  -2.25072289     -8.4666E-02
  -2.33181190     -3.3101E-02
  -2.41290092      0.1645    
  -2.49398994     -6.0068E-02
  -2.57507896      0.2140    
  -2.65616798     -0.3590    
  -2.73725700      0.3535    
  -2.81834602      0.1767    
  -2.89943504     -0.3421    
  -2.98052406     -0.2671    
  -3.06161308     -0.2265    
  -3.14270210      1.5741E-02
  -3.22379112      0.2822    
  -3.30488014      0.8444    
  -3.38596916      0.2041    
  -3.46705818     -0.4696    
  -3.54814720     -0.3738    
  -3.62923622     -0.4498    
  -3.71032524     -0.5918    
  -3.79141426      0.1067    
  -3.87250328      0.6047    
  -3.95359230      0.3603    
  -4.03468132      0.5386    
  -4.11577034     -0.2430    
  -4.19685936      0.1902    
  -4.27794838      5.2883E-02
  -4.35903740      5.1964E-03
  -4.44012642      0.8406    
  -4.52121544     -3.5984E-02
  -4.60230446     -0.1847    
  -4.68339348     -0.5175    
  -4.76448250     -4.1689E-02
  -4.84557152      0.8653    
  -4.92666054      -1.070    
  -5.00774956      6.5206E-03
  -5.08883858     -0.4077    
  -5.16992760      0.2183    
  -5.25101662     -0.4493    
  -5.33210564      0.1032    
  -5.41319466      0.2713    
  -5.49428368     -0.3731    
  -5.57537270     -9.2701E-02
  -5.65646172      0.3781    
  -5.73755074      0.8919    
  -5.81863976      0.3651    
