   14.1960220     -0.8031    
   14.1104298      0.7041    
   14.0248375      0.8247    
   13.9392452     -0.1266    
   13.8536530      0.7870    
   13.7680607     -0.1578    
   13.6824684      0.3273    
   13.5968761     -2.6063E-02
   13.5112839     -0.4368    
   13.4256916     -0.4012    
   13.3400993      0.3624    
   13.2545071     -0.6635    
   13.1689148     -0.7736    
   13.0833225     -0.2689    
   12.9977303     -0.1269    
   12.9121380     -0.1695    
   12.8265457     -0.3136    
   12.7409534     -0.4882    
   12.6553612      0.1985    
   12.5697689      0.1303    
   12.4841766      0.3704    
   12.3985844      0.6602    
   12.3129921      0.5587    
   12.2273998     -3.8015E-02
   12.1418076      0.2246    
   12.0562153     -0.7668    
   11.9706230     -0.5909    
   11.8850307     -0.4556    
   11.7994385      9.3801E-02
   11.7138462     -0.1594    
   11.6282539      3.6542E-02
   11.5426617     -0.1161    
   11.4570694      0.2876    
   11.3714771     -0.2080    
   11.2858849     -0.3044    
   11.2002926      0.1998    
   11.1147003     -0.2794    
   11.0291080      3.5625E-02
   10.9435158     -0.3284    
   10.8579235      0.1453    
   10.7723312      0.3011    
   10.6867390      0.7908    
   10.6011467     -1.9467E-02
   10.5155544      0.5503    
   10.4299622     -9.8410E-03
   10.3443699     -0.2967    
   10.2587776     -0.1176    
   10.1731853     -0.2253    
   10.0875931      9.4053E-03
   10.0020008      0.4051    
   9.91640854      0.1469    
   9.83081627     -0.2194    
   9.74522400      6.3899E-02
   9.65963173      0.1013    
   9.57403946      0.3586    
   9.48844719     -0.1935    
   9.40285492      0.5427    
   9.31726265      1.1688E-02
   9.23167038      0.2477    
   9.14607811     -0.2207    
   9.06048584     -0.8266    
   8.97489357     -0.1005    
   8.88930130      0.1977    
   8.80370903     -0.7771    
   8.71811676     -0.4824    
   8.63252449     -0.4958    
   8.54693222      0.3657    
   8.46133995     -0.6738    
   8.37574768     -0.2451    
   8.29015541     -6.5440E-02
   8.20456314      0.5828    
   8.11897087      0.5650    
   8.03337860      0.2967    
   7.94778633      2.2339E-03
   7.86219406      0.1410    
   7.77660179      2.2697E-03
   7.69100952     -0.4485    
   7.60541725     -0.2754    
   7.51982498      0.4305    
   7.43423271      0.4977    
   7.34864044      3.4790E-02
   7.26304817      0.1637    
   7.17745590      0.3896    
   7.09186363      0.5906    
   7.00627136     -2.0905E-02
   6.92067909      0.2972    
   6.83508682      -1.030    
   6.74949455      9.9316E-02
   6.66390228      0.1560    
   6.57831001      0.4451    
   6.49271774     -0.2689    
   6.40712547     -0.1082    
   6.32153320      4.4043E-03
   6.23594093      0.1795    
   6.15034866     -0.3612    
   6.06475639      0.1620    
   5.97916412      0.1385    
   5.89357185      7.6986E-02
   5.80797958     -0.2754    
   5.72238731     -0.2829    
   5.63679504     -0.1118    
   5.55120277      0.3148    
   5.46561050      0.1161    
   5.38001823       1.029    
   5.29442596     -0.1391    
   5.20883369      0.3502    
   5.12324142     -0.3297    
   5.03764915      0.7210    
   4.95205688      0.3276    
   4.86646461      0.6928    
   4.78087234      0.6270    
   4.69528008      0.5417    
   4.60968781     -0.2387    
   4.52409554      0.2512    
   4.43850327      0.2909    
   4.35291100     -0.3500    
   4.26731873      0.3996    
   4.18172646      0.3219    
   4.09613419     -0.4153    
   4.01054192     -2.5640E-02
   3.92494965      5.5742E-02
   3.83935738     -1.7515E-02
   3.75376511      0.4715    
   3.66817284      0.2898    
   3.58258057      0.5979    
   3.49698830     -0.3959    
   3.41139603     -0.3098    
   3.32580376      0.4437    
   3.24021149      0.1055    
   3.15461922      4.4553E-02
   3.06902695      9.7576E-02
   2.98343468      0.3693    
   2.89784241     -0.5139    
   2.81225014     -0.1098    
   2.72665787      0.5918    
   2.64106560     -0.5154    
   2.55547333     -0.1647    
   2.46988106      0.2710    
   2.38428879     -0.1685    
   2.29869652      0.3683    
   2.21310425     -0.6139    
   2.12751198     -0.4518    
   2.04191971     -0.2236    
   1.95632744      0.1273    
   1.87073517      0.3646    
   1.78514290      0.2418    
   1.69955063     -0.2262    
   1.61395836      0.4395    
   1.52836609      0.1967    
   1.44277382     -0.1325    
   1.35718155     -0.5799    
   1.27158928      0.1647    
   1.18599701      0.3932    
   1.10040474      0.3178    
   1.01481247     -0.2300    
  0.929220200      0.3807    
  0.843627930     -0.2486    
  0.758035660     -0.4588    
  0.672443390     -0.4289    
  0.586851120     -0.2490    
  0.501258850       1.015    
  0.415666580     -0.4611    
  0.330074310      0.8915    
  0.244482040      0.2904    
  0.158889771      0.4197    
  7.329750061E-02 -0.2281    
 -1.229476929E-02  0.1129    
 -9.788703918E-02  0.1762    
 -0.183479309     -9.8431E-02
 -0.269071579      0.3699    
 -0.354663849      0.2285    
 -0.440256119     -0.6510    
 -0.525848389      0.5578    
 -0.611440659     -0.1257    
 -0.697032928     -0.3393    
 -0.782625198     -0.2204    
 -0.868217468      0.1825    
 -0.953809738      0.1410    
  -1.03940201      0.7497    
  -1.12499428      7.5247E-03
  -1.21058655     -0.1122    
  -1.29617882      0.4690    
  -1.38177109      0.4409    
  -1.46736336     -0.5054    
  -1.55295563     -0.2631    
  -1.63854790      0.4656    
  -1.72414017      0.6072    
  -1.80973244     -0.3637    
  -1.89532471     -0.3728    
  -1.98091698      8.3584E-02
  -2.06650925     -8.0427E-02
  -2.15210152      0.2090    
  -2.23769379      3.6918E-02
  -2.32328606      0.5135    
  -2.40887833      0.3335    
  -2.49447060     -0.4688    
  -2.58006287      0.2170    
  -2.66565514      0.2585    
  -2.75124741     -0.5696    
  -2.83683968      0.7143    
  -2.92243195      0.4833    
  -3.00802422     -0.2639    
  -3.09361649     -0.5132    
  -3.17920876     -0.1115    
  -3.26480103      0.1909    
  -3.35039330     -0.3760    
  -3.43598557      0.1363    
  -3.52157784     -0.2565    
  -3.60717010      0.2893    
  -3.69276237     -0.1892    
  -3.77835464     -0.3465    
  -3.86394691      0.1236    
  -3.94953918     -0.8029    
  -4.03513145     -0.1207    
  -4.12072372      0.2766    
  -4.20631599      0.5224    
  -4.29190826     -0.6207    
  -4.37750053      0.3613    
  -4.46309280     -0.9005    
  -4.54868507      6.5628E-02
  -4.63427734      9.5946E-02
  -4.71986961     -0.1525    
  -4.80546188      8.7493E-02
  -4.89105415      5.5280E-02
  -4.97664642      0.1777    
  -5.06223869     -0.3388    
  -5.14783096      0.3571    
  -5.23342323      0.3579    
  -5.31901550      0.8093    
  -5.40460777     -0.1686    
  -5.49020004      0.1373    
  -5.57579231      0.1977    
  -5.66138458      9.2020E-02
  -5.74697685      0.4032    
  -5.83256912     -0.1084    
