   18.0044746     -0.5154    
   17.9188690     -0.4045    
   17.8332634     -0.4222    
   17.7476578      -1.193    
   17.6620522     -0.2531    
   17.5764465      8.2833E-02
   17.4908409     -9.2609E-02
   17.4052353      0.4453    
   17.3196297     -0.1922    
   17.2340240      0.3428    
   17.1484184      2.1778E-02
   17.0628128     -0.5340    
   16.9772072     -0.3895    
   16.8916016      0.6780    
   16.8059959     -0.2915    
   16.7203903      9.5676E-02
   16.6347847       1.022    
   16.5491791     -0.2844    
   16.4635735     -0.2640    
   16.3779678      5.5642E-02
   16.2923622     -0.1050    
   16.2067566      0.3069    
   16.1211510      0.6764    
   16.0355453     -0.2556    
   15.9499397     -3.9009E-02
   15.8643341     -0.8652    
   15.7787285     -0.2429    
   15.6931229      0.5295    
   15.6075172      0.1210    
   15.5219116     -0.3143    
   15.4363060     -0.3659    
   15.3507004      9.3760E-02
   15.2650948      0.2427    
   15.1794891      0.5678    
   15.0938835      0.8108    
   15.0082779     -0.4981    
   14.9226723     -0.9131    
   14.8370667     -0.3616    
   14.7514610      0.3259    
   14.6658554     -0.1519    
   14.5802498     -0.4844    
   14.4946442      0.1836    
   14.4090385      0.2354    
   14.3234329      0.4417    
   14.2378273      0.4424    
   14.1522217      0.3373    
   14.0666161      8.9766E-02
   13.9810104      0.1490    
   13.8954048     -1.0504E-03
   13.8097992     -4.1940E-02
   13.7241936      0.1813    
   13.6385880      0.3240    
   13.5529823      0.1705    
   13.4673767      0.2875    
   13.3817711     -0.4110    
   13.2961655      0.2571    
   13.2105598     -0.1726    
   13.1249542     -6.3959E-02
   13.0393486      0.1371    
   12.9537430     -0.5369    
   12.8681374      0.5121    
   12.7825317      0.5070    
   12.6969261     -0.7259    
   12.6113205      9.6593E-03
   12.5257149      0.2876    
   12.4401093      0.6644    
   12.3545036     -0.1519    
   12.2688980     -0.1347    
   12.1832924     -0.2922    
   12.0976868     -0.2079    
   12.0120811      0.2295    
   11.9264755       1.034    
   11.8408699     -4.1177E-02
   11.7552643     -7.5060E-05
   11.6696587     -1.0122E-02
   11.5840530      0.1872    
   11.4984474      0.4067    
   11.4128418      0.3984    
   11.3272362      0.2925    
   11.2416306      0.7855    
   11.1560249      0.2222    
   11.0704193      3.9166E-02
   10.9848137      0.2517    
   10.8992081     -0.1439    
   10.8136024      0.2528    
   10.7279968      0.7471    
   10.6423912     -0.1746    
   10.5567856      -1.120    
   10.4711800      9.6764E-02
   10.3855743      0.2366    
   10.2999687     -1.7821E-03
   10.2143631     -0.6297    
   10.1287575     -0.1361    
   10.0431519      0.7689    
   9.95754623      0.7346    
   9.87194061      0.4675    
   9.78633499     -0.4293    
   9.70072937      0.2574    
   9.61512375      0.9507    
   9.52951813      0.7005    
   9.44391251     -0.6594    
   9.35830688     -0.2662    
   9.27270126     -0.6207    
   9.18709564      0.1471    
   9.10149002     -0.3541    
   9.01588440     -0.1439    
   8.93027878     -0.8317    
   8.84467316      3.9462E-02
   8.75906754      0.1784    
   8.67346191     -4.7940E-02
   8.58785629      0.1259    
   8.50225067      0.2344    
   8.41664505      0.3923    
   8.33103943      0.3584    
   8.24543381     -0.3220    
   8.15982819      0.2279    
   8.07422256      0.2450    
   7.98861694      5.6987E-02
   7.90301132      0.1387    
   7.81740570     -0.9661    
   7.73180008     -2.5948E-02
   7.64619446       1.051    
   7.56058884     -0.2447    
   7.47498322      0.1968    
   7.38937759     -0.1940    
   7.30377197     -0.6145    
   7.21816635     -2.8287E-02
   7.13256073      0.5485    
   7.04695511     -0.5990    
   6.96134949     -0.6600    
   6.87574387     -0.3179    
   6.79013824      0.2604    
   6.70453262     -0.1402    
   6.61892700      0.5206    
   6.53332138      0.2602    
   6.44771576      0.2684    
   6.36211014      0.2331    
   6.27650452      0.4104    
   6.19089890      0.3730    
   6.10529327      0.1853    
   6.01968765     -5.6059E-02
   5.93408203      0.1577    
   5.84847641     -0.8601    
   5.76287079      0.3677    
   5.67726517     -0.1342    
   5.59165955      0.3667    
   5.50605392      0.3292    
   5.42044830      0.2439    
   5.33484268      0.4071    
   5.24923706      9.0512E-02
   5.16363144      0.1671    
   5.07802582      0.5591    
   4.99242020     -0.7900    
   4.90681458     -8.6450E-02
   4.82120895     -0.4995    
   4.73560333     -0.1819    
   4.64999771      0.3824    
   4.56439209      0.3900    
   4.47878647     -0.1411    
   4.39318085     -0.2538    
   4.30757523     -0.2914    
   4.22196960     -0.3005    
   4.13636398      3.7061E-03
   4.05075836      0.4661    
   3.96515274      0.2453    
   3.87954712      0.2853    
   3.79394150      0.1826    
   3.70833588      0.6775    
   3.62273026     -2.7776E-03
   3.53712463      0.2447    
   3.45151901      0.9300    
   3.36591339       1.625    
   3.28030777      3.3357E-05
   3.19470215      0.4851    
   3.10909653      1.5961E-02
   3.02349091      0.4381    
   2.93788528     -0.4038    
   2.85227966     -0.2799    
   2.76667404     -0.5912    
   2.68106842      0.6275    
   2.59546280     -2.0089E-02
   2.50985718     -0.4786    
   2.42425156     -0.2980    
   2.33864594      0.3504    
   2.25304031      0.1409    
   2.16743469     -0.2743    
   2.08182907      0.2769    
   1.99622345     -0.8382    
   1.91061783     -7.1890E-02
   1.82501221     -0.3197    
   1.73940659      0.4977    
   1.65380096      0.4716    
   1.56819534     -2.3614E-03
   1.48258972     -3.4104E-02
   1.39698410     -0.5964    
   1.31137848      0.2755    
   1.22577286      0.3107    
   1.14016724      0.6781    
   1.05456161      0.1309    
  0.968955994      5.9583E-02
  0.883350372     -4.9204E-02
  0.797744751      0.4998    
  0.712139130      0.3091    
  0.626533508      0.6462    
  0.540927887      0.4126    
  0.455322266      2.3241E-02
  0.369716644      3.0682E-02
  0.284111023      0.3578    
  0.198505402      0.4464    
  0.112899780      0.4162    
  2.729415894E-02  0.6897    
 -5.831146240E-02  0.7986    
 -0.143917084     -0.5564    
 -0.229522705      0.6442    
 -0.315128326     -0.2282    
 -0.400733948      0.5535    
 -0.486339569      0.6837    
 -0.571945190     -0.5871    
 -0.657550812      0.2318    
 -0.743156433      0.1293    
 -0.828762054      0.1467    
 -0.914367676      0.3571    
 -0.999973297     -0.3749    
  -1.08557892      2.7495E-02
  -1.17118454     -0.5320    
  -1.25679016      0.1701    
  -1.34239578     -0.6307    
  -1.42800140      1.4045E-02
  -1.51360703      0.2538    
  -1.59921265      0.3507    
  -1.68481827     -0.1105    
  -1.77042389      0.5903    
  -1.85602951      0.7324    
  -1.94163513      0.3772    
  -2.02724075      0.3964    
