   18.0039711     -0.2554    
   17.9183655      9.6560E-02
   17.8327599     -8.6517E-02
   17.7471542     -0.3065    
   17.6615486     -0.2590    
   17.5759430      0.2885    
   17.4903374     -3.7284E-02
   17.4047318      0.6995    
   17.3191261     -0.4284    
   17.2335205      7.2901E-02
   17.1479149     -0.1977    
   17.0623093      0.5964    
   16.9767036     -0.7307    
   16.8910980     -0.5336    
   16.8054924     -0.6897    
   16.7198868     -0.4657    
   16.6342812      0.3288    
   16.5486755      3.2984E-02
   16.4630699      -1.115    
   16.3774643      0.2348    
   16.2918587      0.3610    
   16.2062531     -0.3383    
   16.1206474      9.7228E-02
   16.0350418      0.1183    
   15.9494362     -0.4850    
   15.8638306     -0.1881    
   15.7782249      3.2459E-02
   15.6926193      8.9103E-03
   15.6070137      0.2814    
   15.5214081      0.1549    
   15.4358025     -0.1706    
   15.3501968      0.2534    
   15.2645912     -9.1316E-02
   15.1789856      0.6930    
   15.0933800      0.3209    
   15.0077744      0.6696    
   14.9221687     -0.4038    
   14.8365631      0.5863    
   14.7509575      0.5927    
   14.6653519      0.4507    
   14.5797462     -1.1159E-02
   14.4941406     -0.3725    
   14.4085350     -0.1057    
   14.3229294     -0.2156    
   14.2373238     -0.1003    
   14.1517181      8.8680E-02
   14.0661125      0.2457    
   13.9805069      2.2037E-02
   13.8949013     -0.3738    
   13.8092957     -0.7726    
   13.7236900     -0.6219    
   13.6380844      0.2044    
   13.5524788      0.1784    
   13.4668732     -0.2718    
   13.3812675      0.9478    
   13.2956619      0.2202    
   13.2100563      0.2267    
   13.1244507      0.3513    
   13.0388451      0.2672    
   12.9532394      0.4191    
   12.8676338      0.4894    
   12.7820282      0.3546    
   12.6964226     -0.3087    
   12.6108170      0.7528    
   12.5252113     -0.6184    
   12.4396057      4.5102E-02
   12.3540001     -4.1285E-02
   12.2683945     -5.2407E-02
   12.1827888      0.5606    
   12.0971832      0.2805    
   12.0115776      0.5159    
   11.9259720      0.3668    
   11.8403664      0.5923    
   11.7547607      0.1502    
   11.6691551     -0.3168    
   11.5835495     -3.9680E-02
   11.4979439     -0.1558    
   11.4123383     -0.5601    
   11.3267326     -7.5447E-02
   11.2411270      0.8398    
   11.1555214      0.1049    
   11.0699158     -0.3412    
   10.9843102     -0.5195    
   10.8987045     -0.1144    
   10.8130989     -8.0349E-02
   10.7274933      0.4011    
   10.6418877      0.2423    
   10.5562820     -0.1825    
   10.4706764     -9.8499E-02
   10.3850708     -0.4038    
   10.2994652     -8.8415E-02
   10.2138596     -0.5509    
   10.1282539     -0.1350    
   10.0426483     -0.3235    
   9.95704269     -0.1329    
   9.87143707     -0.7372    
   9.78583145      0.4983    
   9.70022583      0.3136    
   9.61462021     -5.5752E-02
   9.52901459      0.3467    
   9.44340897     -0.5513    
   9.35780334      2.0970E-02
   9.27219772      0.3310    
   9.18659210      0.8503    
   9.10098648      0.3677    
   9.01538086     -0.4886    
   8.92977524       1.022    
   8.84416962     -0.4022    
   8.75856400      4.5088E-02
   8.67295837      0.5490    
   8.58735275     -0.5458    
   8.50174713     -0.3225    
   8.41614151      0.7595    
   8.33053589     -7.8754E-02
   8.24493027      0.4735    
   8.15932465     -7.7189E-02
   8.07371902     -0.4469    
   7.98811340      3.9965E-03
   7.90250778      3.9299E-02
   7.81690216      0.2369    
   7.73129654      0.6547    
   7.64569092     -5.5031E-02
   7.56008530     -0.5413    
   7.47447968     -0.5762    
   7.38887405     -0.7099    
   7.30326843      6.1703E-02
   7.21766281      0.2576    
   7.13205719     -8.2700E-02
   7.04645157     -0.1777    
   6.96084595      7.4135E-02
   6.87524033     -0.3251    
   6.78963470      0.1264    
   6.70402908     -0.6744    
   6.61842346      0.2149    
   6.53281784     -0.2962    
   6.44721222      8.1683E-02
   6.36160660     -0.4770    
   6.27600098     -0.3763    
   6.19039536      0.1564    
   6.10478973     -0.3160    
   6.01918411      0.1066    
   5.93357849      7.9529E-02
   5.84797287     -0.1007    
   5.76236725      0.5080    
   5.67676163      0.4918    
   5.59115601      0.2926    
   5.50555038      0.6456    
   5.41994476      0.4858    
   5.33433914     -5.9732E-02
   5.24873352     -0.3573    
   5.16312790     -0.2216    
   5.07752228      0.2809    
   4.99191666      6.7805E-02
   4.90631104     -0.4022    
   4.82070541      3.7564E-02
   4.73509979      0.6564    
   4.64949417      0.1545    
   4.56388855     -0.1789    
   4.47828293     -6.2521E-02
   4.39267731      0.2829    
   4.30707169     -0.1667    
   4.22146606      0.4984    
   4.13586044      0.5400    
   4.05025482      0.2168    
   3.96464920      0.5343    
   3.87904358      4.1771E-02
   3.79343796     -5.8520E-02
   3.70783234     -5.2243E-02
   3.62222672     -0.8270    
   3.53662109     -0.1517    
   3.45101547      0.4564    
   3.36540985     -0.3975    
   3.27980423     -0.4822    
   3.19419861     -0.6385    
   3.10859299     -0.8160    
   3.02298737      0.3696    
   2.93738174     -0.5691    
   2.85177612     -3.0514E-02
   2.76617050     -9.1458E-02
   2.68056488     -0.1828    
   2.59495926      0.3928    
   2.50935364     -7.9806E-02
   2.42374802     -0.2964    
   2.33814240      0.4562    
   2.25253677      0.1762    
   2.16693115     -0.1194    
   2.08132553      0.1823    
   1.99571991      0.6888    
   1.91011429      0.4408    
   1.82450867      0.3884    
   1.73890305     -0.2836    
   1.65329742     -6.1841E-02
   1.56769180     -0.4153    
   1.48208618      0.5182    
   1.39648056      0.1524    
   1.31087494      0.4732    
   1.22526932      0.3994    
   1.13966370      0.1372    
   1.05405807      0.3303    
  0.968452454      0.2210    
  0.882846832      1.9142E-02
  0.797241211      0.3182    
  0.711635590      -1.038    
  0.626029968      8.7094E-02
  0.540424347      0.2801    
  0.454818726     -2.7984E-02
  0.369213104     -0.4768    
  0.283607483     -0.1359    
  0.198001862      0.6278    
  0.112396240      0.1234    
  2.679061890E-02 -0.5783    
 -5.881500244E-02 -4.0053E-02
 -0.144420624      0.1827    
 -0.230026245     -0.2179    
 -0.315631866      -1.117    
 -0.401237488     -7.3843E-02
 -0.486843109     -0.1629    
 -0.572448730     -2.9040E-02
 -0.658054352      0.4108    
 -0.743659973     -0.2812    
 -0.829265594      0.3326    
 -0.914871216     -4.5043E-02
  -1.00047684     -0.1281    
  -1.08608246     -0.2196    
  -1.17168808      0.1391    
  -1.25729370     -0.1813    
  -1.34289932     -0.4048    
  -1.42850494      0.4127    
  -1.51411057      0.4456    
  -1.59971619     -0.2992    
  -1.68532181      0.2568    
  -1.77092743      0.4416    
  -1.85653305     -0.6518    
  -1.94213867      0.3535    
  -2.02774429      0.2834    
