   18.0301485     -0.3276    
   17.9490480     -0.2627    
   17.8679476      0.4412    
   17.7868471      0.4930    
   17.7057467     -0.8494    
   17.6246462      0.3882    
   17.5435457      0.5108    
   17.4624453      0.2953    
   17.3813448      0.6773    
   17.3002443     -5.4724E-02
   17.2191439      0.1029    
   17.1380434     -0.2743    
   17.0569429     -0.2578    
   16.9758425     -0.6207    
   16.8947420      0.1017    
   16.8136415     -2.6431E-02
   16.7325411     -0.3513    
   16.6514406     -0.8023    
   16.5703402     -0.5212    
   16.4892397      7.8146E-02
   16.4081392      5.7071E-02
   16.3270388      0.5552    
   16.2459383      0.1678    
   16.1648378      0.3572    
   16.0837374     -5.0642E-02
   16.0026369      0.2474    
   15.9215364      0.7426    
   15.8404360      2.7249E-02
   15.7593355      0.3926    
   15.6782351      5.6316E-02
   15.5971346      0.1801    
   15.5160341     -0.3867    
   15.4349337      0.9084    
   15.3538332     -0.3551    
   15.2727327     -0.1180    
   15.1916323      7.3541E-02
   15.1105318      0.5600    
   15.0294313      0.2526    
   14.9483309      0.4365    
   14.8672304      0.2005    
   14.7861300      0.1704    
   14.7050295      0.4598    
   14.6239290      0.1625    
   14.5428286     -5.2231E-02
   14.4617281      0.3533    
   14.3806276     -7.6744E-02
   14.2995272     -0.6963    
   14.2184267      2.5716E-02
   14.1373262      0.1297    
   14.0562258      3.6725E-02
   13.9751253     -0.3936    
   13.8940248     -0.7074    
   13.8129244     -0.2251    
   13.7318239      0.5155    
   13.6507235      0.4648    
   13.5696230       1.022    
   13.4885225      0.8573    
   13.4074221     -7.4582E-02
   13.3263216      0.3228    
   13.2452211     -0.6837    
   13.1641207     -0.2337    
   13.0830202      0.7072    
   13.0019197      0.1966    
   12.9208193      8.9194E-02
   12.8397188      0.4981    
   12.7586184      0.3876    
   12.6775179      0.1398    
   12.5964174      0.2283    
   12.5153170      0.2932    
   12.4342165     -0.3000    
   12.3531160      0.2351    
   12.2720156      4.7972E-02
   12.1909151      0.3418    
   12.1098146      0.4208    
   12.0287142     -0.4375    
   11.9476137      0.2067    
   11.8665133     -0.2839    
   11.7854128      0.1511    
   11.7043123      0.4216    
   11.6232119      0.5663    
   11.5421114      0.5964    
   11.4610109     -0.1152    
   11.3799105      0.2888    
   11.2988100     -0.1508    
   11.2177095      0.4141    
   11.1366091      0.5599    
   11.0555086      0.6964    
   10.9744081     -8.2221E-02
   10.8933077     -0.1345    
   10.8122072      0.5940    
   10.7311068     -0.1943    
   10.6500063      0.6739    
   10.5689058      9.0133E-02
   10.4878054     -0.2178    
   10.4067049     -0.1466    
   10.3256044      0.1559    
   10.2445040      0.7669    
   10.1634035      2.2451E-02
   10.0823030     -0.1436    
   10.0012026      0.7189    
   9.92010212     -0.1126    
   9.83900166     -0.3082    
   9.75790119     -0.2878    
   9.67680073      0.4616    
   9.59570026      0.1964    
   9.51459980      0.6043    
   9.43349934     -4.7981E-02
   9.35239887      0.3387    
   9.27129841      0.2059    
   9.19019794      1.2425E-02
   9.10909748      0.1790    
   9.02799702     -0.1475    
   8.94689655      0.4823    
   8.86579609     -0.4552    
   8.78469563      0.4225    
   8.70359516     -8.9171E-02
   8.62249470     -0.1147    
   8.54139423     -0.3064    
   8.46029377      0.6204    
   8.37919331     -0.6264    
   8.29809284      0.7178    
   8.21699238      5.4266E-02
   8.13589191     -0.2817    
   8.05479145      6.0393E-02
   7.97369099      0.6491    
   7.89259052      0.3200    
   7.81149006     -0.3647    
   7.73038960     -0.9950    
   7.64928913      5.2702E-02
   7.56818867     -2.1978E-02
   7.48708820      4.8266E-02
   7.40598774     -0.4054    
   7.32488728     -0.5647    
   7.24378681     -0.7287    
   7.16268635      0.6846    
   7.08158588      0.1623    
   7.00048542      -1.248    
   6.91938496     -0.4220    
   6.83828449      0.1129    
   6.75718403      5.9653E-02
   6.67608356     -0.1223    
   6.59498310     -0.1895    
   6.51388264      0.2445    
   6.43278217      9.1741E-02
   6.35168171     -0.4775    
   6.27058125      0.8782    
   6.18948078      0.2880    
   6.10838032      0.7199    
   6.02727985     -7.6915E-02
   5.94617939      0.4335    
   5.86507893      0.3852    
   5.78397846      6.4413E-02
   5.70287800      5.0560E-02
   5.62177753     -0.2925    
   5.54067707     -0.1716    
   5.45957661     -0.1066    
   5.37847614       1.141    
   5.29737568     -0.3966    
   5.21627522      0.3696    
   5.13517475      0.2253    
   5.05407429      0.1208    
   4.97297382     -0.1978    
   4.89187336     -0.1445    
   4.81077290      0.6051    
   4.72967243     -0.2912    
   4.64857197     -0.4130    
   4.56747150     -0.4471    
   4.48637104      0.3387    
   4.40527058     -0.1054    
   4.32417011     -0.4152    
   4.24306965      0.4967    
   4.16196918     -6.9800E-02
   4.08086872     -0.5341    
   3.99976826      8.2571E-02
   3.91866779     -9.1472E-02
   3.83756733     -0.3537    
   3.75646687     -0.1495    
   3.67536640     -0.1525    
   3.59426594      0.5206    
   3.51316547      0.4731    
   3.43206501      0.2068    
   3.35096455      0.4065    
   3.26986408      0.2755    
   3.18876362     -0.5582    
   3.10766315     -9.5709E-02
   3.02656269     -0.3089    
   2.94546223     -0.7622    
   2.86436176      8.6588E-02
   2.78326130      0.1407    
   2.70216084      0.7886    
   2.62106037      0.4201    
   2.53995991      0.3157    
   2.45885944      0.1871    
   2.37775898      0.5051    
   2.29665852     -0.2929    
   2.21555805      0.3582    
   2.13445759     -9.1359E-02
   2.05335712      0.3231    
   1.97225666      6.5343E-02
   1.89115620     -7.1739E-02
   1.81005573     -0.1947    
   1.72895527     -0.5319    
   1.64785480     -0.2890    
   1.56675434     -0.6475    
   1.48565388      0.2852    
   1.40455341     -0.7133    
   1.32345295      0.2313    
   1.24235249      0.6736    
   1.16125202      0.8657    
   1.08015156      0.2961    
  0.999051094     -8.9359E-02
  0.917950630     -0.7373    
  0.836850166     -0.6105    
  0.755749702      0.1116    
  0.674649239      0.1911    
  0.593548775     -2.2009E-02
  0.512448311     -0.2201    
  0.431347847     -0.2006    
  0.350247383      8.9866E-02
  0.269146919       1.035    
  0.188046455      0.3199    
  0.106945992     -0.3679    
  2.584552765E-02 -2.3799E-03
 -5.525493622E-02  0.1569    
 -0.136355400     -0.1945    
 -0.217455864     -0.1626    
 -0.298556328     -0.1992    
 -0.379656792     -0.1298    
 -0.460757256     -0.4215    
 -0.541857719     -0.7710    
 -0.622958183     -0.1869    
 -0.704058647     -0.5957    
 -0.785159111     -0.3229    
 -0.866259575     -0.6059    
 -0.947360039     -0.8355    
  -1.02846050     -0.3265    
  -1.10956097     -3.0473E-02
  -1.19066143      5.3503E-02
  -1.27176189     -0.2213    
  -1.35286236      0.1569    
  -1.43396282      0.2002    
  -1.51506329      0.1036    
  -1.59616375      4.1240E-02
  -1.67726421      0.1788    
  -1.75836468     -4.2288E-02
  -1.83946514      5.0440E-02
  -1.92056561     -0.1025    
  -2.00166607     -0.3744    
