   48.0691147      0.1317    
   45.3020172     -2.1494E-02
   42.5349197     -5.5618E-02
   39.7678223      1.4175E-02
   37.0007248     -6.0385E-03
   34.2336273     -0.1389    
   31.4665298      1.2103E-02
   28.6994324      9.9057E-02
   25.9323349      8.3832E-02
   23.1652374      2.7621E-02
   20.3981400      0.1636    
   17.6310425     -9.6142E-02
   14.8639450      0.1463    
   12.0968475      2.3304E-02
   9.32975006      3.7279E-02
   6.56265259      0.1661    
   3.79555511      6.8950E-03
   1.02845764     -1.2498E-02
  -1.73863983     -0.1555    
  -4.50573730      0.1493    
  -7.27283478      2.1972E-02
  -10.0399323      0.1185    
  -12.8070297     -9.7948E-02
  -15.5741272      0.1096    
  -18.3412247      9.8773E-02
  -21.1083221      8.6012E-02
  -23.8754196      7.3229E-02
  -26.6425171     -5.8169E-02
  -29.4096146      2.0265E-02
  -32.1767120     -0.1081    
