   18.5335474     -0.4634    
   18.4524450      0.2541    
   18.3713427      7.6272E-02
   18.2902403      0.2845    
   18.2091379     -0.9353    
   18.1280355     -0.8628    
   18.0469332     -0.1235    
   17.9658308      0.1407    
   17.8847284     -0.2527    
   17.8036261     -0.4210    
   17.7225237      0.4315    
   17.6414213     -5.8511E-03
   17.5603189      0.1935    
   17.4792166      0.2271    
   17.3981142      0.3977    
   17.3170118      0.1546    
   17.2359095      -1.238    
   17.1548071     -0.9833    
   17.0737047     -0.8239    
   16.9926023      0.1029    
   16.9115000      0.5542    
   16.8303976      0.3139    
   16.7492952     -3.6660E-02
   16.6681929     -0.3610    
   16.5870905      8.1805E-02
   16.5059881     -0.3618    
   16.4248857     -0.4577    
   16.3437834     -0.1427    
   16.2626810      0.8524    
   16.1815786      0.5491    
   16.1004763     -0.1825    
   16.0193739      0.6976    
   15.9382715      0.6705    
   15.8571692      0.7039    
   15.7760668      2.7401E-02
   15.6949644     -0.4764    
   15.6138620      0.2396    
   15.5327597      0.9576    
   15.4516573     -0.5837    
   15.3705549      -1.283    
   15.2894526     -0.5883    
   15.2083502     -0.7848    
   15.1272478      0.5201    
   15.0461454      0.8219    
   14.9650431      0.2444    
   14.8839407      0.1219    
   14.8028383      0.2854    
   14.7217360      0.1413    
   14.6406336     -1.5364E-02
   14.5595312     -0.1087    
   14.4784288      0.1164    
   14.3973265      0.2289    
   14.3162241      0.4660    
   14.2351217     -0.2538    
   14.1540194     -0.2820    
   14.0729170      0.1152    
   13.9918146      0.1167    
   13.9107122      0.4648    
   13.8296099     -2.0335E-02
   13.7485075     -0.4979    
   13.6674051     -0.5787    
   13.5863028     -0.4016    
   13.5052004     -0.6824    
   13.4240980     -2.1783E-02
   13.3429956      9.8969E-02
   13.2618933     -8.7723E-02
   13.1807909      0.2416    
   13.0996885     -0.2419    
   13.0185862     -0.4079    
   12.9374838      2.7912E-02
   12.8563814      0.1510    
   12.7752790      0.5623    
   12.6941767      0.3146    
   12.6130743     -0.6262    
   12.5319719      0.1370    
   12.4508696     -0.2100    
   12.3697672      4.4849E-03
   12.2886648      1.2064E-02
   12.2075624      0.7814    
   12.1264601      0.4995    
   12.0453577      7.4154E-02
   11.9642553      0.9624    
   11.8831530      0.5567    
   11.8020506      0.1826    
   11.7209482      0.4286    
   11.6398458      0.4406    
   11.5587435      0.3537    
   11.4776411     -0.1187    
   11.3965387     -9.2535E-02
   11.3154364     -6.9416E-02
   11.2343340     -0.2053    
   11.1532316      0.2992    
   11.0721292      0.4232    
   10.9910269      0.2408    
   10.9099245     -5.0647E-02
   10.8288221     -0.4583    
   10.7477198      0.3073    
   10.6666174      0.6324    
   10.5855150      0.7828    
   10.5044127     -0.2765    
   10.4233103      0.3893    
   10.3422079      0.2104    
   10.2611055     -0.5344    
   10.1800032      0.4907    
   10.0989008      0.5144    
   10.0177984     -3.1068E-02
   9.93669605      0.2272    
   9.85559368      0.4978    
   9.77449131      0.2640    
   9.69338894     -5.2440E-02
   9.61228657      9.4759E-02
   9.53118420      0.4438    
   9.45008183     -0.1111    
   9.36897945      8.6978E-02
   9.28787708      0.6162    
   9.20677471     -0.1477    
   9.12567234     -0.6534    
   9.04456997     -0.2047    
   8.96346760     -0.2442    
   8.88236523      0.1357    
   8.80126286     -0.3336    
   8.72016048     -0.4804    
   8.63905811      0.2095    
   8.55795574      0.5073    
   8.47685337       1.044    
   8.39575100      0.8568    
   8.31464863      0.5351    
   8.23354626     -0.3634    
   8.15244389      0.2812    
   8.07134151     -0.5970    
   7.99023914     -0.3441    
   7.90913677      0.3468    
   7.82803440     -0.3141    
   7.74693203     -0.2272    
   7.66582966      0.8116    
   7.58472729      0.1874    
   7.50362492     -3.0322E-02
   7.42252254      0.3360    
   7.34142017      0.9472    
   7.26031780     -4.1782E-02
   7.17921543     -0.4786    
   7.09811306     -0.7467    
   7.01701069     -0.3317    
   6.93590832     -0.6373    
   6.85480595     -0.5549    
   6.77370358     -0.2099    
   6.69260120     -5.5826E-02
   6.61149883      0.7725    
   6.53039646     -0.3413    
   6.44929409     -0.3800    
   6.36819172     -0.3496    
   6.28708935     -0.4537    
   6.20598698     -0.8225    
   6.12488461      0.7931    
   6.04378223      0.6285    
   5.96267986     -0.2685    
   5.88157749     -0.1641    
   5.80047512      0.1051    
   5.71937275      0.7371    
   5.63827038      0.5396    
   5.55716801      0.7692    
   5.47606564       1.810    
   5.39496326      0.2453    
   5.31386089     -0.5733    
   5.23275852     -0.1938    
   5.15165615     -0.4133    
   5.07055378      6.4386E-02
   4.98945141      0.4417    
   4.90834904       1.073    
   4.82724667       1.009    
   4.74614429      0.6497    
   4.66504192     -0.1995    
   4.58393955     -0.4822    
   4.50283718     -0.9775    
   4.42173481      -1.232    
   4.34063244     -0.8189    
   4.25953007      0.7742    
   4.17842770     -0.1865    
   4.09732533     -0.1982    
   4.01622295     -0.2872    
   3.93512058     -0.6969    
   3.85401821     -0.2480    
   3.77291584      0.2467    
   3.69181347      0.2533    
   3.61071110      0.5793    
   3.52960873      0.4589    
   3.44850636      3.8175E-03
   3.36740398     -0.1283    
   3.28630161       1.053    
   3.20519924      0.1575    
   3.12409687     -0.2087    
   3.04299450     -0.6632    
   2.96189213      0.7995    
   2.88078976     -0.4677    
   2.79968739     -7.5203E-02
   2.71858501       1.092    
   2.63748264      0.7247    
   2.55638027      0.7363    
   2.47527790      0.5914    
   2.39417553      0.1937    
   2.31307316     -0.3658    
   2.23197079     -0.9333    
   2.15086842      -1.059    
   2.06976604      6.2019E-02
   1.98866367     -0.1762    
   1.90756130     -0.8380    
   1.82645893     -0.2806    
   1.74535656      0.1531    
   1.66425419      0.8593    
   1.58315182      5.8859E-02
   1.50204945      6.3420E-02
   1.42094707      0.5674    
   1.33984470       1.059    
   1.25874233      0.4322    
   1.17763996     -0.5422    
   1.09653759     -0.3476    
   1.01543522      0.1366    
  0.934332848      0.3923    
  0.853230476      0.4590    
  0.772128105     -0.8098    
  0.691025734     -0.2395    
  0.609923363     -0.4529    
  0.528820992     -0.3651    
  0.447718620     -0.5420    
  0.366616249     -8.4997E-02
  0.285513878     -0.1486    
  0.204411507     -0.1966    
  0.123309135     -0.8098    
  4.220676422E-02 -7.7626E-02
 -3.889560699E-02  0.2342    
 -0.119997978      0.4517    
 -0.201100349     -0.1177    
 -0.282202721      9.3256E-02
 -0.363305092       1.004    
 -0.444407463      0.2919    
 -0.525509834      0.1414    
 -0.606612206     -3.6895E-02
 -0.687714577     -0.5605    
 -0.768816948     -3.9527E-02
 -0.849919319      0.5761    
 -0.931021690      0.6160    
  -1.01212406     -0.2547    
  -1.09322643     -0.6015    
  -1.17432880      0.7148    
  -1.25543118      0.5888    
  -1.33653355     -0.3072    
  -1.41763592     -0.5030    
  -1.49873829      3.0991E-02
