   48.0404739      6.1658E-02
   45.5131836      0.1281    
   42.9858932     -2.9377E-02
   40.4586029     -9.8659E-03
   37.9313126      0.1167    
   35.4040222      8.3947E-03
   32.8767319     -7.0940E-02
   30.3494415     -0.1114    
   27.8221512     -0.1286    
   25.2948608      0.2786    
   22.7675705      0.1980    
   20.2402802      3.3913E-02
   17.7129898      3.7464E-03
   15.1856995      1.4570E-02
   12.6584091      0.1744    
   10.1311188      0.1502    
   7.60382843     -0.1110    
   5.07653809     -0.1671    
   2.54924774      0.2652    
  2.195739746E-02 -4.4158E-02
  -2.50533295     -0.1603    
  -5.03262329     -6.0389E-02
  -7.55991364      0.1005    
  -10.0872040     -1.1487E-02
  -12.6144943      4.2276E-02
  -15.1417847     -8.5106E-02
  -17.6690750      0.1881    
  -20.1963654     -6.2648E-02
  -22.7236557     -5.1315E-02
  -25.2509460     -0.1149    
  -27.7782364      4.7133E-02
  -30.3055267      0.2154    
  -32.8328171      7.2847E-02
