   299989.977     -0.2234    
   299990.063     -0.1372    
   299990.149      0.2985    
   299990.234     -0.3618    
   299990.320     -0.6935    
   299990.406     -8.7698E-02
   299990.491     -0.6942    
   299990.577     -0.4735    
   299990.663     -0.1791    
   299990.748      0.6305    
   299990.834      0.1919    
   299990.920     -0.7130    
   299991.005     -0.4124    
   299991.091      0.3847    
   299991.177       1.005    
   299991.262      1.9203E-02
   299991.348     -0.7657    
   299991.434     -0.1671    
   299991.519      0.5399    
   299991.605      0.9510    
   299991.691      0.4257    
   299991.776     -0.3266    
   299991.862     -0.1716    
   299991.948      0.6684    
   299992.033       1.171    
   299992.119      0.4120    
   299992.205     -0.3671    
   299992.290     -9.4232E-02
   299992.376      0.2639    
   299992.462      0.2807    
   299992.547      0.4277    
   299992.633      0.3036    
   299992.719     -0.5490    
   299992.804     -0.1530    
   299992.890      0.5109    
   299992.976      0.3470    
   299993.061     -0.3759    
   299993.147     -0.4736    
   299993.233     -0.5101    
   299993.318     -0.5741    
   299993.404     -0.6156    
   299993.490     -0.1091    
   299993.575      7.0428E-02
   299993.661      6.2703E-02
   299993.747      0.6781    
   299993.832      0.4067    
   299993.918      0.6452    
   299994.004      0.1984    
   299994.089     -0.3540    
   299994.175     -0.2665    
   299994.261      5.0376E-02
   299994.346      0.3343    
   299994.432      6.1278E-02
   299994.518     -0.4268    
   299994.603     -0.7098    
   299994.689     -0.7572    
   299994.775     -0.5715    
   299994.860     -0.8570    
   299994.946      0.2076    
   299995.032      0.2855    
   299995.117     -0.1143    
   299995.203      7.2387E-02
   299995.289     -1.4801E-05
   299995.374     -0.2516    
   299995.460     -0.2620    
   299995.546     -0.6426    
   299995.631     -0.6516    
   299995.717     -0.4469    
   299995.803     -0.7385    
   299995.888     -0.3836    
   299995.974     -6.9287E-02
   299996.060      0.1983    
   299996.145      0.9828    
   299996.231      0.6969    
   299996.316      4.4114E-02
   299996.402      0.1446    
   299996.488      0.9586    
   299996.573      0.4009    
   299996.659      0.3193    
   299996.745      0.1898    
   299996.830     -0.1937    
   299996.916      0.4271    
   299997.002      0.8997    
   299997.087      9.5704E-02
   299997.173     -0.7173    
   299997.259      0.3405    
   299997.344      0.4431    
   299997.430     -0.1523    
   299997.516     -4.1692E-03
   299997.601      1.4985E-02
   299997.687      0.3564    
   299997.773     -0.2366    
   299997.858     -0.2618    
   299997.944      1.9275E-02
   299998.030      0.3647    
   299998.115      0.5365    
   299998.201      3.5338E-02
   299998.287      0.4795    
   299998.372      0.7003    
   299998.458     -2.6471E-02
   299998.544     -0.2538    
   299998.629     -0.4268    
   299998.715     -0.2281    
   299998.801      2.7220E-02
   299998.886      0.2773    
   299998.972     -6.0468E-03
   299999.058     -0.1115    
   299999.143     -0.4128    
   299999.229     -0.2928    
   299999.315      0.1919    
   299999.400      0.4038    
   299999.486      7.9924E-02
   299999.572     -1.7964E-02
   299999.657     -2.2694E-02
   299999.743     -0.1053    
   299999.829      0.1114    
   299999.914      0.2381    
   300000.000     -9.1915E-02
   300000.086     -0.1532    
   300000.171      0.2926    
   300000.257      0.3919    
   300000.343     -0.1006    
   300000.428     -0.2025    
   300000.514      5.5773E-02
   300000.600      0.3481    
   300000.685      0.6035    
   300000.771      2.9617E-04
   300000.857     -0.5685    
   300000.942      0.1415    
   300001.028      0.7529    
   300001.114      0.4435    
   300001.199     -6.5841E-02
   300001.285      0.1923    
   300001.371      0.2082    
   300001.456      0.2341    
   300001.542      0.3961    
   300001.628      0.5329    
   300001.713      0.1855    
   300001.799     -0.2977    
   300001.885     -8.1309E-02
   300001.970      0.4842    
   300002.056      0.3814    
   300002.142     -0.2327    
   300002.227      5.3042E-02
   300002.313      0.1443    
   300002.399     -0.7293    
   300002.484     -0.1106    
   300002.570      0.7771    
   300002.656      0.1748    
   300002.741      0.4245    
   300002.827      0.5674    
   300002.913      0.1155    
   300002.998      0.2265    
   300003.084      6.9518E-02
   300003.170      1.1777E-02
   300003.255     -2.5346E-02
   300003.341     -0.1336    
   300003.427      0.3133    
   300003.512      0.3376    
   300003.598      0.3443    
   300003.684      0.3925    
   300003.769     -0.2505    
   300003.855     -0.8724    
   300003.940     -0.3312    
   300004.026      0.2299    
   300004.112      3.4281E-02
   300004.197      7.2185E-02
   300004.283      0.2371    
   300004.369      0.3860    
   300004.454      0.1815    
   300004.540     -0.5929    
   300004.626     -0.4524    
   300004.711     -0.1435    
   300004.797      8.8545E-02
   300004.883      0.4015    
   300004.968      0.8503    
   300005.054      0.7311    
   300005.140     -5.2025E-02
   300005.225     -1.2368E-02
   300005.311     -0.4247    
   300005.397     -0.5935    
   300005.482     -0.2087    
   300005.568     -0.2044    
   300005.654     -0.4600    
   300005.739     -0.1626    
   300005.825      0.8423    
   300005.911      0.7582    
   300005.996      0.3610    
   300006.082      7.8244E-02
   300006.168      0.2286    
   300006.253     -0.2489    
   300006.339     -0.2406    
   300006.425     -0.7596    
   300006.510     -0.6692    
   300006.596     -0.7110    
   300006.682     -0.1279    
   300006.767     -0.1006    
   300006.853      0.2946    
   300006.939      0.8233    
   300007.024      0.3456    
   300007.110     -5.5548E-02
   300007.196      0.2892    
   300007.281      0.3554    
   300007.367     -0.1729    
   300007.453     -0.1023    
   300007.538     -0.1621    
   300007.624      7.6299E-02
   300007.710     -0.2085    
   300007.795     -0.1615    
   300007.881     -0.4348    
   300007.967     -0.2613    
   300008.052     -4.3889E-05
   300008.138     -0.1169    
   300008.224      0.1617    
   300008.309      3.6345E-02
   300008.395      0.4158    
   300008.481      0.6022    
   300008.566      0.4471    
   300008.652     -4.1217E-02
   300008.738     -0.6123    
   300008.823     -0.1667    
   300008.909      0.4772    
   300008.995     -0.4484    
   300009.080     -0.2652    
   300009.166     -0.1275    
   300009.252     -0.1854    
   300009.337     -0.7980    
   300009.423      -1.047    
   300009.509      7.9911E-02
   300009.594       1.046    
   300009.680      0.8925    
   300009.766     -0.1349    
   300009.851      0.1427    
   300009.937      0.3984    
   300010.023      0.6966    
