   48.5454445      0.2296    
   46.0181656      0.2579    
   43.4908867      3.3916E-02
   40.9636078      5.0136E-02
   38.4363289     -0.1751    
   35.9090500      4.1252E-02
   33.3817711     -0.2198    
   30.8544922      9.4098E-02
   28.3272133      2.0892E-02
   25.7999344     -0.1630    
   23.2726555     -0.2635    
   20.7453766      6.9741E-02
   18.2180977     -1.2915E-02
   15.6908188     -7.8651E-02
   13.1635399     -0.1187    
   10.6362610      1.1723E-02
   8.10898209      5.3959E-02
   5.58170319      5.6833E-02
   3.05442429      0.1235    
  0.527145386     -6.7217E-03
  -2.00013351     -4.0356E-02
  -4.52741241      3.7953E-02
  -7.05469131      0.1375    
  -9.58197021      0.2468    
  -12.1092491      3.6008E-02
  -14.6365280      6.0911E-02
  -17.1638069      3.3184E-02
  -19.6910858      0.1956    
  -22.2183647      0.1319    
  -24.7456436      0.2047    
  -27.2729225      4.6019E-02
  -29.8002014      0.1611    
  -32.3274803      0.1969    
