   18.5033560       1.057    
   18.4177523     -4.8831E-02
   18.3321486      0.1792    
   18.2465448     -2.9913E-02
   18.1609411      0.6416    
   18.0753374      0.1234    
   17.9897337      0.4559    
   17.9041300     -0.5682    
   17.8185263      0.1455    
   17.7329226     -9.3113E-02
   17.6473188      -1.060    
   17.5617151      0.2429    
   17.4761114     -0.5904    
   17.3905077      0.1469    
   17.3049040     -6.5856E-02
   17.2193003       1.108    
   17.1336966      7.4973E-02
   17.0480928      0.5190    
   16.9624891      0.2831    
   16.8768854      0.4494    
   16.7912817     -0.3049    
   16.7056780     -0.7871    
   16.6200743     -0.5017    
   16.5344706      0.2820    
   16.4488668      0.8274    
   16.3632631     -5.2711E-02
   16.2776594      0.5294    
   16.1920557     -0.1877    
   16.1064520      0.1618    
   16.0208483      0.4745    
   15.9352446     -0.1479    
   15.8496408      0.8907    
   15.7640371      0.6011    
   15.6784334      0.7713    
   15.5928297     -1.6844E-02
   15.5072260     -0.8538    
   15.4216223      -1.146    
   15.3360186     -0.4352    
   15.2504148      0.1971    
   15.1648111     -0.5147    
   15.0792074      0.2059    
   14.9936037     -0.2622    
   14.9080000      0.3073    
   14.8223963     -0.2405    
   14.7367926       1.469    
   14.6511889       1.209    
   14.5655851     -0.2736    
   14.4799814      0.4402    
   14.3943777     -0.1534    
   14.3087740      0.1437    
   14.2231703     -2.5540E-02
   14.1375666     -0.4161    
   14.0519629     -0.2041    
   13.9663591     -0.4582    
   13.8807554     -6.9627E-02
   13.7951517      0.5787    
   13.7095480      0.7368    
   13.6239443     -2.6869E-02
   13.5383406     -0.2994    
   13.4527369     -0.2944    
   13.3671331     -0.6944    
   13.2815294      8.6887E-02
   13.1959257      0.1005    
   13.1103220     -0.4013    
   13.0247183      0.3725    
   12.9391146      7.9237E-02
   12.8535109     -0.6251    
   12.7679071      4.5946E-02
   12.6823034      0.2069    
   12.5966997      -1.105    
   12.5110960      0.7363    
   12.4254923      0.7841    
   12.3398886     -7.5860E-02
   12.2542849     -0.1500    
   12.1686811     -0.1160    
   12.0830774     -0.1494    
   11.9974737      0.3058    
   11.9118700      0.3555    
   11.8262663     -4.6995E-02
   11.7406626     -0.6374    
   11.6550589      8.5440E-02
   11.5694551      0.5352    
   11.4838514      0.2689    
   11.3982477     -0.7792    
   11.3126440     -6.1181E-02
   11.2270403      0.6587    
   11.1414366      0.8990    
   11.0558329      3.4472E-02
   10.9702291      0.3225    
   10.8846254      0.6391    
   10.7990217     -0.4184    
   10.7134180     -0.5832    
   10.6278143      2.4232E-02
   10.5422106      0.4617    
   10.4566069     -0.2027    
   10.3710032      0.2498    
   10.2853994      0.3842    
   10.1997957      0.2118    
   10.1141920     -0.1229    
   10.0285883      0.1830    
   9.94298458      0.3824    
   9.85738087      0.2164    
   9.77177715      0.2386    
   9.68617344      0.6275    
   9.60056973      0.6314    
   9.51496601      0.2540    
   9.42936230     -0.7114    
   9.34375858      0.5712    
   9.25815487       1.130    
   9.17255116     -0.1148    
   9.08694744     -0.3651    
   9.00134373     -0.6760    
   8.91574001     -0.4977    
   8.83013630      0.1091    
   8.74453259      0.2715    
   8.65892887      0.9950    
   8.57332516      0.2651    
   8.48772144     -0.5808    
   8.40211773      1.8593E-02
   8.31651402      0.4526    
   8.23091030      4.3638E-02
   8.14530659     -6.5839E-02
   8.05970287     -0.7821    
   7.97409916      5.6017E-02
   7.88849545     -4.0006E-02
   7.80289173     -0.2752    
   7.71728802      0.1625    
   7.63168430     -3.1197E-02
   7.54608059     -0.2288    
   7.46047688      0.5038    
   7.37487316     -0.3340    
   7.28926945     -0.5544    
   7.20366573      0.6032    
   7.11806202     -0.1732    
   7.03245831      0.5084    
   6.94685459      0.1157    
   6.86125088      0.2461    
   6.77564716      0.6780    
   6.69004345     -0.3682    
   6.60443974     -0.3159    
   6.51883602     -6.3230E-02
   6.43323231     -0.9949    
   6.34762859      -1.051    
   6.26202488      0.3387    
   6.17642117     -0.6022    
   6.09081745     -4.9081E-02
   6.00521374      0.4805    
   5.91961002      0.4291    
   5.83400631     -0.9210    
   5.74840260     -0.2249    
   5.66279888      0.6380    
   5.57719517     -0.2534    
   5.49159145      0.8011    
   5.40598774      0.5683    
   5.32038403      4.2923E-02
   5.23478031     -0.2589    
   5.14917660     -0.1985    
   5.06357288      0.2741    
   4.97796917     -0.4633    
   4.89236546     -4.1261E-02
   4.80676174      0.1182    
   4.72115803      0.3404    
   4.63555431     -7.5326E-02
   4.54995060      0.7564    
   4.46434689      0.6211    
   4.37874317      0.5507    
   4.29313946      0.3329    
   4.20753574      0.1887    
   4.12193203     -0.5698    
   4.03632832      0.1668    
   3.95072460      0.3053    
   3.86512089     -0.3580    
   3.77951717      0.1572    
   3.69391346     -0.7065    
   3.60830975      3.8242E-03
   3.52270603      -1.043    
   3.43710232     -0.7550    
   3.35149860      0.1988    
   3.26589489     -5.3247E-02
   3.18029118      0.3370    
   3.09468746      6.4009E-02
   3.00908375      5.2553E-02
   2.92348003     -0.8622    
   2.83787632     -0.6054    
   2.75227261     -0.2012    
   2.66666889      0.5120    
   2.58106518      2.0917E-02
   2.49546146      0.6427    
   2.40985775      0.5819    
   2.32425404      0.6190    
   2.23865032      0.2655    
   2.15304661     -0.4386    
   2.06744289      0.2657    
   1.98183918     -1.6551E-02
   1.89623547     -0.4516    
   1.81063175      0.2177    
   1.72502804     -0.3552    
   1.63942432      0.5821    
   1.55382061     -0.2241    
   1.46821690     -0.1535    
   1.38261318     -2.1106E-02
   1.29700947     -0.1449    
   1.21140575      0.1524    
   1.12580204     -0.1747    
   1.04019833      0.5481    
  0.954594612     -0.4911    
  0.868990898     -0.3895    
  0.783387184     -0.4272    
  0.697783470     -5.3624E-02
  0.612179756     -0.1422    
  0.526576042      0.1756    
  0.440972328      0.3445    
  0.355368614      0.8889    
  0.269764900     -2.7972E-02
  0.184161186      0.5980    
  9.855747223E-02  0.5865    
  1.295375824E-02  0.4622    
 -7.264995575E-02  0.5505    
 -0.158253670      5.0683E-03
 -0.243857384     -0.5027    
 -0.329461098     -0.3212    
 -0.415064812     -0.2933    
 -0.500668526     -0.2448    
 -0.586272240       1.375    
 -0.671875954      0.1139    
 -0.757479668     -0.4711    
 -0.843083382      0.5630    
 -0.928687096      0.4293    
  -1.01429081     -0.4528    
  -1.09989452     -0.3865    
  -1.18549824     -0.1969    
  -1.27110195     -0.1698    
  -1.35670567     -0.1663    
  -1.44230938      0.1279    
  -1.52791309      0.6359    
