   46.4621887      6.6313E-02
   43.9350433     -5.5075E-02
   41.4078979      0.2098    
   38.8807526      0.1583    
   36.3536072     -0.1154    
   33.8264618     -0.1461    
   31.2993164     -4.3425E-02
   28.7721710      8.5981E-02
   26.2450256      0.1481    
   23.7178802      0.2332    
   21.1907349      0.1923    
   18.6635895      0.1286    
   16.1364441      0.3455    
   13.6092987     -9.8475E-02
   11.0821533     -0.1444    
   8.55500793      9.5597E-03
   6.02786255      0.1956    
   3.50071716      6.5849E-02
  0.973571777     -8.7718E-02
  -1.55357361     -6.3614E-04
  -4.08071899     -0.1641    
  -6.60786438      0.3323    
  -9.13500977      4.7500E-02
  -11.6621552      1.3378E-03
  -14.1893005      6.4924E-02
  -16.7164459      7.8882E-02
  -19.2435913      0.1614    
  -21.7707367     -1.0949E-02
  -24.2978821      0.1038    
  -26.8250275     -0.2037    
  -29.3521729     -5.9345E-02
  -31.8793182      0.1824    
