   299989.977      9.2740E-02
   299990.058       1.428    
   299990.139      7.4379E-03
   299990.221      0.3159    
   299990.302     -2.5054E-02
   299990.383      0.7723    
   299990.464     -0.5343    
   299990.545     -0.3019    
   299990.626     -0.6758    
   299990.708     -0.2699    
   299990.789     -0.1865    
   299990.870     -0.5204    
   299990.951      0.7674    
   299991.032      0.9642    
   299991.113     -0.4975    
   299991.195     -9.3975E-02
   299991.276      0.2519    
   299991.357     -0.1052    
   299991.438     -0.2101    
   299991.519      0.2732    
   299991.600      7.8987E-02
   299991.681      0.7875    
   299991.763     -0.9583    
   299991.844     -0.2163    
   299991.925     -0.5154    
   299992.006      2.3736E-02
   299992.087      -1.299    
   299992.168      0.1403    
   299992.250      0.4646    
   299992.331      0.6834    
   299992.412     -0.3311    
   299992.493      0.8393    
   299992.574      0.7933    
   299992.655      0.2973    
   299992.736     -1.5629E-03
   299992.818     -0.7892    
   299992.899      0.9278    
   299992.980      0.1651    
   299993.061      0.8090    
   299993.142     -0.1672    
   299993.223      0.5137    
   299993.305      2.8136E-02
   299993.386      0.1440    
   299993.467     -0.1866    
   299993.548      0.6511    
   299993.629      0.2657    
   299993.710     -0.5136    
   299993.792     -0.2889    
   299993.873      0.4029    
   299993.954     -0.3980    
   299994.035      0.8796    
   299994.116     -0.4728    
   299994.197     -0.6933    
   299994.278      0.4239    
   299994.360      0.4357    
   299994.441      8.4282E-02
   299994.522     -0.6140    
   299994.603     -4.7629E-02
   299994.684       1.232    
   299994.765     -0.6479    
   299994.847     -4.0080E-03
   299994.928     -0.6122    
   299995.009     -0.2283    
   299995.090     -0.8242    
   299995.171     -0.2869    
   299995.252     -0.2238    
   299995.333     -0.7287    
   299995.415      4.8470E-02
   299995.496     -0.6832    
   299995.577     -0.2196    
   299995.658      0.2329    
   299995.739      0.3274    
   299995.820     -0.6229    
   299995.902      0.4689    
   299995.983      0.3856    
   299996.064      0.3161    
   299996.145      0.4020    
   299996.226     -0.2787    
   299996.307      0.2459    
   299996.389      0.2807    
   299996.470      0.5888    
   299996.551     -0.1275    
   299996.632      0.2952    
   299996.713      -1.288    
   299996.794      7.0412E-02
   299996.875     -0.5078    
   299996.957     -3.1705E-02
   299997.038     -0.1871    
   299997.119     -0.4542    
   299997.200     -0.8070    
   299997.281     -0.2538    
   299997.362     -0.1520    
   299997.444     -0.6556    
   299997.525     -0.1336    
   299997.606     -0.1603    
   299997.687     -0.4593    
   299997.768     -0.3038    
   299997.849      9.4798E-02
   299997.931      0.8192    
   299998.012      8.8585E-02
   299998.093      0.1033    
   299998.174     -6.7862E-02
   299998.255     -0.1084    
   299998.336     -0.1907    
   299998.417      0.1092    
   299998.499      0.6733    
   299998.580     -9.4596E-03
   299998.661      0.6462    
   299998.742     -0.2968    
   299998.823     -0.5833    
   299998.904      0.1928    
   299998.986       1.193    
   299999.067      0.5124    
   299999.148      0.3701    
   299999.229     -4.4169E-02
   299999.310      0.3903    
   299999.391     -6.9171E-03
   299999.472     -6.7382E-02
   299999.554     -0.1772    
   299999.635      0.2096    
   299999.716     -0.5800    
   299999.797     -0.2199    
   299999.878      0.4592    
   299999.959      0.7116    
   300000.041     -1.6410E-02
   300000.122      0.6545    
   300000.203     -0.2815    
   300000.284     -0.3344    
   300000.365     -8.4346E-02
   300000.446     -0.3614    
   300000.528       1.241    
   300000.609     -0.5873    
   300000.690      8.7282E-02
   300000.771       1.601    
   300000.852      0.4081    
   300000.933     -0.8812    
   300001.014     -0.4270    
   300001.096      0.6284    
   300001.177      0.4655    
   300001.258     -9.6224E-02
   300001.339      0.3742    
   300001.420     -8.2019E-02
   300001.501     -0.3865    
   300001.583     -0.6789    
   300001.664      0.1715    
   300001.745     -9.1074E-02
   300001.826     -0.5716    
   300001.907     -7.5671E-02
   300001.988      0.9058    
   300002.069      0.4886    
   300002.151      0.9392    
   300002.232     -9.0861E-02
   300002.313      0.1133    
   300002.394     -0.2914    
   300002.475     -0.6177    
   300002.556      0.1551    
   300002.638      1.0921E-02
   300002.719     -0.4022    
   300002.800      0.5928    
   300002.881      0.3814    
   300002.962       1.526    
   300003.043       1.260    
   300003.125      0.4547    
   300003.206      0.5822    
   300003.287      0.7975    
   300003.368      0.8190    
   300003.449     -0.6352    
   300003.530      0.2181    
   300003.611      4.6057E-02
   300003.693     -0.6891    
   300003.774     -0.1028    
   300003.855      0.2516    
   300003.936     -0.2323    
   300004.017     -0.8252    
   300004.098     -0.7691    
   300004.180      0.6386    
   300004.261     -0.8198    
   300004.342     -1.7794E-02
   300004.423     -3.4806E-02
   300004.504     -8.3371E-02
   300004.585     -0.4386    
   300004.667      0.4087    
   300004.748     -0.3804    
   300004.829      0.1758    
   300004.910     -0.6350    
   300004.991      0.8929    
   300005.072      0.8694    
   300005.153      0.4338    
   300005.235       1.302    
   300005.316      0.1305    
   300005.397      0.1945    
   300005.478      0.6018    
   300005.559      0.7563    
   300005.640      0.2847    
   300005.722     -0.4102    
   300005.803     -0.2535    
   300005.884     -0.3692    
   300005.965      -1.389    
   300006.046     -0.5409    
   300006.127     -0.2669    
   300006.208      6.6675E-02
   300006.290     -0.1519    
   300006.371      0.6316    
   300006.452     -0.3968    
   300006.533     -0.3970    
   300006.614     -6.7180E-02
   300006.695      4.3333E-02
   300006.777     -0.5293    
   300006.858     -0.6584    
   300006.939     -2.8464E-03
   300007.020      0.2165    
   300007.101      8.8438E-02
   300007.182     -0.3134    
   300007.264      0.6414    
   300007.345      0.3406    
   300007.426     -7.3276E-02
   300007.507     -2.5164E-02
   300007.588      0.1244    
   300007.669     -0.3274    
   300007.750     -0.4552    
   300007.832      0.1854    
   300007.913      0.7230    
   300007.994     -0.7308    
   300008.075     -0.1823    
   300008.156      0.8715    
   300008.237      0.6600    
   300008.319      0.9392    
   300008.400      0.5623    
   300008.481      0.4636    
   300008.562      0.5507    
   300008.643      0.1222    
   300008.724      0.1038    
   300008.805      3.1182E-02
   300008.887     -0.3283    
   300008.968      3.2628E-02
   300009.049      0.3596    
   300009.130      0.5385    
   300009.211     -0.7265    
   300009.292      0.8501    
   300009.374       1.395    
   300009.455      0.1643    
   300009.536      0.6783    
   300009.617      0.3630    
   300009.698     -0.3953    
   300009.779     -0.4502    
   300009.861     -0.9327    
   300009.942      0.2185    
   300010.023     -0.3764    
