   43.5232468     -0.2868    
   40.9963531      7.7556E-02
   38.4694595      3.2941E-02
   35.9425659      0.2030    
   33.4156723      0.1600    
   30.8887787      9.2280E-02
   28.3618851     -0.1940    
   25.8349915     -0.1085    
   23.3080978      2.1473E-02
   20.7812042      3.1314E-02
   18.2543106     -4.8532E-02
   15.7274170     -6.8496E-02
   13.2005234     -5.5427E-02
   10.6736298      8.1887E-02
   8.14673615      2.1605E-02
   5.61984253     -0.2547    
   3.09294891      3.1608E-02
  0.566055298     -3.1340E-02
  -1.96083832     -9.9023E-02
  -4.48773193      4.2400E-03
  -7.01462555     -0.1628    
  -9.54151917     -0.2837    
  -12.0684128     -0.2844    
  -14.5953064     -5.6629E-02
  -17.1222000     -0.1647    
  -19.6490936     -0.1625    
  -22.1759872      0.1115    
  -24.7028809      0.2680    
  -27.2297745     -3.7047E-03
  -29.7566681     -0.1070    
  -32.2835617     -3.4751E-03
  -34.8104553      0.2074    
