   48.0705185      2.2535E-03
   45.3034286      8.5968E-02
   42.5363388     -5.8571E-02
   39.7692490     -2.7361E-03
   37.0021591      3.3303E-02
   34.2350693     -0.1438    
   31.4679794     -4.0618E-02
   28.7008896     -5.6181E-02
   25.9337997     -4.7886E-02
   23.1667099      4.6383E-02
   20.3996201     -1.6130E-02
   17.6325302     -1.1992E-02
   14.8654404     -0.1300    
   12.0983505      4.3674E-02
   9.33126068     -6.1448E-02
   6.56417084      6.9435E-02
   3.79708099      2.8498E-03
   1.02999115      5.4128E-03
  -1.73709869     -6.1203E-02
  -4.50418854      0.1065    
  -7.27127838      4.7398E-02
  -10.0383682      7.1231E-02
  -12.8054581      1.4651E-02
  -15.5725479     -4.9909E-02
  -18.3396378     -4.8892E-02
  -21.1067276     -5.6160E-02
  -23.8738174     -5.9454E-02
  -26.6409073      0.1488    
  -29.4079971      3.8250E-02
  -32.1750870      2.3509E-02
