   48.0324364      3.1616E-02
   45.5051575      0.2121    
   42.9778786      9.9783E-02
   40.4505997      9.9690E-02
   37.9233208     -6.0793E-02
   35.3960419      0.2188    
   32.8687630     -1.6619E-02
   30.3414841      0.1636    
   27.8142052      0.2367    
   25.2869263      1.7717E-02
   22.7596474     -1.2507E-02
   20.2323685      6.3535E-02
   17.7050896      2.7713E-03
   15.1778107     -3.2431E-02
   12.6505318      6.4086E-02
   10.1232529     -3.7951E-03
   7.59597397     -8.1453E-03
   5.06869507     -2.5871E-02
   2.54141617      3.2807E-02
  1.413726807E-02 -0.1167    
  -2.51314163     -0.1283    
  -5.04042053      0.1422    
  -7.56769943     -0.1416    
  -10.0949783      5.3179E-02
  -12.6222572     -3.3466E-02
  -15.1495361     -0.1279    
  -17.6768150     -4.9350E-02
  -20.2040939      5.1736E-03
  -22.7313728     -6.5650E-02
  -25.2586517     -4.4139E-02
  -27.7859306      0.1079    
  -30.3132095      0.1185    
  -32.8404884     -5.1149E-02
