   18.0249949      0.7553    
   17.9438925       1.198    
   17.8627901      4.5830E-03
   17.7816877      4.4311E-02
   17.7005854      0.3001    
   17.6194830     -2.1764E-02
   17.5383806     -1.9555E-02
   17.4572783      0.4718    
   17.3761759      0.4693    
   17.2950735      0.3804    
   17.2139711     -0.3910    
   17.1328688      0.7674    
   17.0517664      0.6106    
   16.9706640      0.1419    
   16.8895617     -0.5666    
   16.8084593     -0.5730    
   16.7273569      0.2540    
   16.6462545      0.2329    
   16.5651522      4.6060E-02
   16.4840498     -0.3094    
   16.4029474     -0.4328    
   16.3218451      0.3931    
   16.2407427      0.5552    
   16.1596403     -0.2978    
   16.0785379     -0.2692    
   15.9974356      0.8165    
   15.9163332     -0.2839    
   15.8352308     -0.5079    
   15.7541285      0.8291    
   15.6730261      0.8532    
   15.5919237     -0.2840    
   15.5108213     -0.6258    
   15.4297190      2.0113E-03
   15.3486166      0.1295    
   15.2675142      0.1268    
   15.1864119      1.7450E-02
   15.1053095      0.4218    
   15.0242071     -0.7654    
   14.9431047     -0.6864    
   14.8620024     -9.8756E-02
   14.7809000      0.4860    
   14.6997976     -0.2789    
   14.6186953      0.1472    
   14.5375929     -0.4380    
   14.4564905     -0.9115    
   14.3753881      0.2100    
   14.2942858     -7.3743E-02
   14.2131834      0.1193    
   14.1320810      9.5827E-03
   14.0509787      0.1137    
   13.9698763      0.1981    
   13.8887739     -0.6091    
   13.8076715     -4.9629E-02
   13.7265692      0.3842    
   13.6454668      3.9996E-02
   13.5643644     -0.5223    
   13.4832621      0.1835    
   13.4021597     -3.7127E-02
   13.3210573      0.3142    
   13.2399549      0.8345    
   13.1588526      0.3263    
   13.0777502      0.6794    
   12.9966478      0.8522    
   12.9155455     -3.8979E-02
   12.8344431      0.5191    
   12.7533407      8.5286E-02
   12.6722383      0.7765    
   12.5911360      0.1567    
   12.5100336       1.209    
   12.4289312      0.8374    
   12.3478289      3.8258E-02
   12.2667265     -9.8145E-02
   12.1856241     -0.5043    
   12.1045218     -0.3382    
   12.0234194     -0.1483    
   11.9423170      -1.078    
   11.8612146      0.5143    
   11.7801123      0.7604    
   11.6990099      0.2856    
   11.6179075      0.8556    
   11.5368052     -8.4445E-02
   11.4557028     -8.2306E-02
   11.3746004     -0.3723    
   11.2934980      0.3174    
   11.2123957      0.4875    
   11.1312933      0.5683    
   11.0501909      0.1034    
   10.9690886      -1.168    
   10.8879862     -2.4493E-02
   10.8068838      0.2233    
   10.7257814      0.2593    
   10.6446791     -3.5527E-03
   10.5635767      0.3985    
   10.4824743     -0.2285    
   10.4013720      0.3862    
   10.3202696      0.4963    
   10.2391672      0.4279    
   10.1580648      0.7256    
   10.0769625       1.091    
   9.99586010     -0.5577    
   9.91475773     -0.5758    
   9.83365536      0.5436    
   9.75255299     -0.3749    
   9.67145061     -0.3663    
   9.59034824      0.1040    
   9.50924587     -0.6404    
   9.42814350     -0.5763    
   9.34704113     -0.4942    
   9.26593876      3.2558E-02
   9.18483639      0.2838    
   9.10373402     -0.6133    
   9.02263165     -0.7237    
   8.94152927      0.2359    
   8.86042690      0.5836    
   8.77932453      1.0056E-02
   8.69822216     -4.8169E-02
   8.61711979      8.8045E-02
   8.53601742     -0.7712    
   8.45491505      1.0250E-02
   8.37381268      0.4026    
   8.29271030      0.4090    
   8.21160793      0.3751    
   8.13050556      0.2308    
   8.04940319     -0.5625    
   7.96830082     -0.1675    
   7.88719845      0.1382    
   7.80609608      7.8566E-02
   7.72499371     -0.5821    
   7.64389133     -0.2325    
   7.56278896     -0.6069    
   7.48168659     -0.7033    
   7.40058422      6.1970E-02
   7.31948185     -0.4697    
   7.23837948     -2.7835E-02
   7.15727711      0.7162    
   7.07617474      0.6594    
   6.99507236      8.1684E-03
   6.91396999     -0.1966    
   6.83286762     -0.4912    
   6.75176525      6.5702E-02
   6.67066288      0.2857    
   6.58956051      9.2057E-02
   6.50845814      0.3797    
   6.42735577      3.5803E-02
   6.34625340      0.4502    
   6.26515102     -0.1111    
   6.18404865     -0.1078    
   6.10294628      0.5033    
   6.02184391      0.2877    
   5.94074154     -0.6361    
   5.85963917     -0.9732    
   5.77853680     -0.2015    
   5.69743443     -4.0937E-02
   5.61633205     -0.3286    
   5.53522968      2.3035E-02
   5.45412731      0.1768    
   5.37302494      0.2398    
   5.29192257      0.7557    
   5.21082020      7.7534E-02
   5.12971783      0.8444    
   5.04861546      2.9034E-02
   4.96751308      0.7868    
   4.88641071       1.010    
   4.80530834     -0.8633    
   4.72420597     -0.2607    
   4.64310360      0.2350    
   4.56200123      0.2475    
   4.48089886     -0.3059    
   4.39979649      0.5047    
   4.31869411      0.3674    
   4.23759174     -0.3076    
   4.15648937     -6.9485E-02
   4.07538700     -0.7880    
   3.99428463     -0.8761    
   3.91318226     -0.7609    
   3.83207989     -0.2139    
   3.75097752      0.3266    
   3.66987514     -0.2480    
   3.58877277      0.4424    
   3.50767040      0.2654    
   3.42656803      0.2845    
   3.34546566      0.8259    
   3.26436329      0.7728    
   3.18326092     -6.5153E-02
   3.10215855      0.5173    
   3.02105618      0.6209    
   2.93995380      0.7000    
   2.85885143      0.3941    
   2.77774906      0.5618    
   2.69664669      0.1882    
   2.61554432      0.8678    
   2.53444195      0.4248    
   2.45333958      0.6454    
   2.37223721      0.9314    
   2.29113483       1.015    
   2.21003246      0.1063    
   2.12893009     -0.6664    
   2.04782772      0.3205    
   1.96672535     -0.2516    
   1.88562298      0.2948    
   1.80452061     -0.1145    
   1.72341824      7.4940E-02
   1.64231586      0.2775    
   1.56121349      0.6886    
   1.48011112     -0.4863    
   1.39900875     -5.0320E-02
   1.31790638     -0.1202    
   1.23680401     -2.3223E-02
   1.15570164      4.2624E-02
   1.07459927     -0.7163    
  0.993496895     -5.4802E-03
  0.912394524      4.0556E-02
  0.831292152      0.1526    
  0.750189781      0.3267    
  0.669087410     -0.1231    
  0.587985039     -0.9676    
  0.506882668     -0.8161    
  0.425780296     -0.2954    
  0.344677925      0.4003    
  0.263575554      0.4063    
  0.182473183     -0.5454    
  0.101370811     -0.2166    
  2.026844025E-02 -0.2836    
 -6.083393097E-02 -0.2606    
 -0.141936302     -0.3373    
 -0.223038673      0.8199    
 -0.304141045      0.5668    
 -0.385243416      0.6735    
 -0.466345787     -0.5989    
 -0.547448158     -0.4693    
 -0.628550529      0.2578    
 -0.709652901     -0.1495    
 -0.790755272      0.3929    
 -0.871857643      0.1704    
 -0.952960014     -0.2889    
  -1.03406239     -0.3940    
  -1.11516476      -1.283    
  -1.19626713     -0.1623    
  -1.27736950      0.3258    
  -1.35847187     -0.1287    
  -1.43957424      0.2643    
  -1.52067661      8.9835E-02
  -1.60177898      0.1206    
  -1.68288136      4.3552E-02
  -1.76398373     -0.3100    
  -1.84508610     -0.5599    
  -1.92618847     -8.8970E-02
  -2.00729084      0.3041    
