   46.0685749     -0.1067    
   43.5413418     -0.1109    
   41.0141087     -5.2059E-02
   38.4868755     -9.7589E-02
   35.9596424     -8.4089E-02
   33.4324093      4.6790E-02
   30.9051762     -8.5324E-02
   28.3779430      5.1407E-02
   25.8507099     -1.2974E-03
   23.3234768     -0.1925    
   20.7962437      0.1021    
   18.2690105      0.1543    
   15.7417774     -0.1163    
   13.2145443     -7.0550E-02
   10.6873112      4.2888E-02
   8.16007805      0.1111    
   5.63284492      0.1339    
   3.10561180      0.1643    
  0.578378677      0.1900    
  -1.94885445     -3.9650E-03
  -4.47608757      3.9283E-02
  -7.00332069     -0.1187    
  -9.53055382     -6.1679E-02
  -12.0577869     -0.1460    
  -14.5850201      8.7644E-02
  -17.1122532     -6.9309E-02
  -19.6394863      9.6743E-03
  -22.1667194     -5.6609E-02
  -24.6939526     -0.1015    
  -27.2211857      0.1010    
  -29.7484188      3.5485E-02
  -32.2756519     -3.5180E-02
