   299959.850     -0.1410    
   299962.619     -0.1283    
   299965.388     -7.7836E-02
   299968.157      5.7179E-02
   299970.926      7.2376E-02
   299973.695      4.4043E-02
   299976.464     -3.5895E-02
   299979.233     -0.2542    
   299982.002     -0.1571    
   299984.771     -4.8770E-02
   299987.540     -0.1538    
   299990.309      3.9323E-02
   299993.078     -6.4168E-02
   299995.847     -2.4312E-02
   299998.616     -0.1336    
   300001.384      0.1497    
   300004.153      7.6061E-02
   300006.922     -4.1085E-02
   300009.691     -2.0271E-02
   300012.460     -1.5763E-02
   300015.229     -9.2345E-04
   300017.998     -1.7064E-02
   300020.767     -0.1712    
   300023.536     -5.9114E-02
   300026.305     -9.7344E-02
   300029.074     -0.1843    
   300031.843     -0.2587    
   300034.612     -0.1889    
   300037.381      3.8644E-02
   300040.150      0.1959    
